print_matrix(best_design_struct_under_idealLength.eventlist, best_design_struct_under_idealLength.eventlist_names);
Event1 onset	Event2 onset	Event3 onset	Event4 onset	Trial type	ISI1	ISI2	ISI3	ISI4	Event1Dur	Event2Dur	Event3Dur	Event4Dur	
3.9940	1.0000	5.5489	12.0489	9.0000	3.9940	0.0000	0.5489	0.0000	1.0000	4.0000	6.5000	4.0000	
7.6020	5.9940	10.5801	17.0801	4.0000	2.6080	0.0000	0.5861	0.0000	1.0000	4.0000	6.5000	4.0000	
13.6020	9.6020	14.2693	20.7693	13.0000	5.0000	0.0000	0.6672	0.0000	1.0000	4.0000	6.5000	4.0000	
17.0099	15.6020	20.4538	26.9538	18.0000	2.4079	0.0000	0.8517	0.0000	1.0000	4.0000	6.5000	4.0000	
19.6563	19.0099	23.8418	30.3418	3.0000	1.6464	0.0000	0.8319	0.0000	1.0000	4.0000	6.5000	4.0000	
25.4249	21.6563	26.2385	32.7385	4.0000	4.7686	0.0000	0.5822	0.0000	1.0000	4.0000	6.5000	4.0000	
27.4314	27.4249	32.7216	39.2216	6.0000	1.0066	0.0000	1.2968	0.0000	1.0000	4.0000	6.5000	4.0000	
31.4862	29.4314	34.5039	41.0039	11.0000	3.0547	0.0000	1.0724	0.0000	1.0000	4.0000	6.5000	4.0000	
37.4862	33.4862	39.2941	45.7941	2.0000	5.0000	0.0000	1.8080	0.0000	1.0000	4.0000	6.5000	4.0000	
40.4957	39.4862	43.9874	50.4874	12.0000	2.0095	0.0000	0.5013	0.0000	1.0000	4.0000	6.5000	4.0000	
44.1916	42.4957	47.5133	54.0133	16.0000	2.6959	0.0000	1.0177	0.0000	1.0000	4.0000	6.5000	4.0000	
47.0790	46.1916	51.6212	58.1212	5.0000	1.8874	0.0000	1.4296	0.0000	1.0000	4.0000	6.5000	4.0000	
53.0790	49.0790	53.7676	60.2676	6.0000	5.0000	0.0000	0.6887	0.0000	1.0000	4.0000	6.5000	4.0000	
56.6497	55.0790	59.7541	66.2541	13.0000	2.5708	0.0000	0.6751	0.0000	1.0000	4.0000	6.5000	4.0000	
59.7928	58.6497	63.4611	69.9611	16.0000	2.1431	0.0000	0.8114	0.0000	1.0000	4.0000	6.5000	4.0000	
61.8575	61.7928	66.7231	73.2231	1.0000	1.0647	0.0000	0.9303	0.0000	1.0000	4.0000	6.5000	4.0000	
64.7449	63.8575	68.4864	74.9864	16.0000	1.8874	0.0000	0.6289	0.0000	1.0000	4.0000	6.5000	4.0000	
68.9152	66.7449	71.2957	77.7957	8.0000	3.1703	0.0000	0.5508	0.0000	1.0000	4.0000	6.5000	4.0000	
72.4016	70.9152	75.4299	81.9299	10.0000	2.4864	0.0000	0.5146	0.0000	1.0000	4.0000	6.5000	4.0000	
74.4546	74.4016	79.7042	86.2042	8.0000	1.0529	0.0000	1.3026	0.0000	1.0000	4.0000	6.5000	4.0000	
76.5932	76.4546	81.1911	87.6911	15.0000	1.1386	0.0000	0.7365	0.0000	1.0000	4.0000	6.5000	4.0000	
78.9527	78.5932	83.7505	90.2505	2.0000	1.3595	0.0000	1.1573	0.0000	1.0000	4.0000	6.5000	4.0000	
81.0723	80.9527	85.6414	92.1414	7.0000	1.1196	0.0000	0.6887	0.0000	1.0000	4.0000	6.5000	4.0000	
83.5369	83.0723	87.8113	94.3113	13.0000	1.4646	0.0000	0.7390	0.0000	1.0000	4.0000	6.5000	4.0000	
85.6205	85.5369	90.3846	96.8846	10.0000	1.0836	0.0000	0.8478	0.0000	1.0000	4.0000	6.5000	4.0000	
87.7591	87.6205	92.3345	98.8345	7.0000	1.1386	0.0000	0.7140	0.0000	1.0000	4.0000	6.5000	4.0000	
90.3921	89.7591	94.3511	100.8511	3.0000	1.6329	0.0000	0.5920	0.0000	1.0000	4.0000	6.5000	4.0000	
92.5199	92.3921	96.9494	103.4494	5.0000	1.1278	0.0000	0.5573	0.0000	1.0000	4.0000	6.5000	4.0000	
94.7093	94.5199	99.1228	105.6228	11.0000	1.1894	0.0000	0.6029	0.0000	1.0000	4.0000	6.5000	4.0000	
96.9038	96.7093	101.8602	108.3602	10.0000	1.1944	0.0000	1.1509	0.0000	1.0000	4.0000	6.5000	4.0000	
99.2253	98.9038	103.4521	109.9521	5.0000	1.3216	0.0000	0.5484	0.0000	1.0000	4.0000	6.5000	4.0000	
101.3909	101.2253	106.5209	113.0209	16.0000	1.1655	0.0000	1.2955	0.0000	1.0000	4.0000	6.5000	4.0000	
103.5904	103.3909	107.9977	114.4977	17.0000	1.1995	0.0000	0.6069	0.0000	1.0000	4.0000	6.5000	4.0000	
105.7599	105.5904	110.3711	116.8711	14.0000	1.1695	0.0000	0.7807	0.0000	1.0000	4.0000	6.5000	4.0000	
109.1346	107.7599	112.3264	118.8264	3.0000	2.3746	0.0000	0.5665	0.0000	1.0000	4.0000	6.5000	4.0000	
114.2856	111.1346	117.0318	123.5318	4.0000	4.1510	0.0000	1.8972	0.0000	1.0000	4.0000	6.5000	4.0000	
117.8434	116.2856	121.0850	127.5850	3.0000	2.5578	0.0000	0.7994	0.0000	1.0000	4.0000	6.5000	4.0000	
120.6834	119.8434	125.0457	131.5457	14.0000	1.8400	0.0000	1.2023	0.0000	1.0000	4.0000	6.5000	4.0000	
123.7966	122.6834	127.6888	134.1888	9.0000	2.1132	0.0000	1.0053	0.0000	1.0000	4.0000	6.5000	4.0000	
126.5344	125.7966	130.5621	137.0621	16.0000	1.7378	0.0000	0.7655	0.0000	1.0000	4.0000	6.5000	4.0000	
128.6673	128.5344	133.0943	139.5943	1.0000	1.1329	0.0000	0.5599	0.0000	1.0000	4.0000	6.5000	4.0000	
131.1100	130.6673	135.1743	141.6743	12.0000	1.4427	0.0000	0.5070	0.0000	1.0000	4.0000	6.5000	4.0000	
133.4662	133.1100	138.1225	144.6225	8.0000	1.3562	0.0000	1.0125	0.0000	1.0000	4.0000	6.5000	4.0000	
136.0966	135.4662	140.2981	146.7981	15.0000	1.6304	0.0000	0.8319	0.0000	1.0000	4.0000	6.5000	4.0000	
140.1159	138.0966	143.1280	149.6280	8.0000	3.0193	0.0000	1.0314	0.0000	1.0000	4.0000	6.5000	4.0000	
142.1380	142.1159	146.8925	153.3925	3.0000	1.0220	0.0000	0.7766	0.0000	1.0000	4.0000	6.5000	4.0000	
144.8149	144.1380	149.1834	155.6834	4.0000	1.6769	0.0000	1.0454	0.0000	1.0000	4.0000	6.5000	4.0000	
147.1390	146.8149	151.3778	157.8778	7.0000	1.3241	0.0000	0.5629	0.0000	1.0000	4.0000	6.5000	4.0000	
149.6260	149.1390	153.6825	160.1825	1.0000	1.4870	0.0000	0.5435	0.0000	1.0000	4.0000	6.5000	4.0000	
154.7218	151.6260	156.2822	162.7822	10.0000	4.0957	0.0000	0.6562	0.0000	1.0000	4.0000	6.5000	4.0000	
158.2082	156.7218	161.6494	168.1494	18.0000	2.4864	0.0000	0.9276	0.0000	1.0000	4.0000	6.5000	4.0000	
161.6161	160.2082	165.7552	172.2552	3.0000	2.4079	0.0000	1.5470	0.0000	1.0000	4.0000	6.5000	4.0000	
164.0347	163.6161	168.3878	174.8878	9.0000	1.4186	0.0000	0.7717	0.0000	1.0000	4.0000	6.5000	4.0000	
166.2976	166.0347	172.0864	178.5864	1.0000	1.2629	0.0000	2.0518	0.0000	1.0000	4.0000	6.5000	4.0000	
169.2946	168.2976	172.9926	179.4926	18.0000	1.9970	0.0000	0.6950	0.0000	1.0000	4.0000	6.5000	4.0000	
171.6613	171.2946	175.9833	182.4833	12.0000	1.3667	0.0000	0.6887	0.0000	1.0000	4.0000	6.5000	4.0000	
174.3511	173.6613	178.2873	184.7873	1.0000	1.6898	0.0000	0.6260	0.0000	1.0000	4.0000	6.5000	4.0000	
176.8811	176.3511	180.9096	187.4096	10.0000	1.5300	0.0000	0.5586	0.0000	1.0000	4.0000	6.5000	4.0000	
180.0295	178.8811	183.3856	189.8856	17.0000	2.1484	0.0000	0.5045	0.0000	1.0000	4.0000	6.5000	4.0000	
182.3537	182.0295	186.6892	193.1892	12.0000	1.3241	0.0000	0.6597	0.0000	1.0000	4.0000	6.5000	4.0000	
186.1780	184.3537	189.0006	195.5006	16.0000	2.8244	0.0000	0.6469	0.0000	1.0000	4.0000	6.5000	4.0000	
188.6194	188.1780	192.9269	199.4269	11.0000	1.4414	0.0000	0.7489	0.0000	1.0000	4.0000	6.5000	4.0000	
190.9219	190.6194	196.1775	202.6775	15.0000	1.3025	0.0000	1.5581	0.0000	1.0000	4.0000	6.5000	4.0000	
193.1945	192.9219	197.4907	203.9907	2.0000	1.2726	0.0000	0.5687	0.0000	1.0000	4.0000	6.5000	4.0000	
195.6794	195.1945	200.2072	206.7072	3.0000	1.4849	0.0000	1.0127	0.0000	1.0000	4.0000	6.5000	4.0000	
198.6394	197.6794	202.3397	208.8397	2.0000	1.9600	0.0000	0.6603	0.0000	1.0000	4.0000	6.5000	4.0000	
204.6394	200.6394	205.7706	212.2706	8.0000	5.0000	0.0000	1.1312	0.0000	1.0000	4.0000	6.5000	4.0000	
207.1586	206.6394	211.1924	217.6924	4.0000	1.5192	0.0000	0.5530	0.0000	1.0000	4.0000	6.5000	4.0000	
209.4828	209.1586	214.9982	221.4982	13.0000	1.3241	0.0000	1.8396	0.0000	1.0000	4.0000	6.5000	4.0000	
214.0129	211.4828	216.5856	223.0856	10.0000	3.5301	0.0000	1.1029	0.0000	1.0000	4.0000	6.5000	4.0000	
216.6032	216.0129	220.6466	227.1466	11.0000	1.5902	0.0000	0.6336	0.0000	1.0000	4.0000	6.5000	4.0000	
218.9716	218.6032	224.4967	230.9967	16.0000	1.3684	0.0000	1.8935	0.0000	1.0000	4.0000	6.5000	4.0000	
221.3123	220.9716	226.4001	232.9001	2.0000	1.3407	0.0000	1.4285	0.0000	1.0000	4.0000	6.5000	4.0000	
224.3168	223.3123	227.8978	234.3978	1.0000	2.0046	0.0000	0.5855	0.0000	1.0000	4.0000	6.5000	4.0000	
229.7266	226.3168	230.9111	237.4111	9.0000	4.4098	0.0000	0.5942	0.0000	1.0000	4.0000	6.5000	4.0000	
232.3233	231.7266	237.2858	243.7858	14.0000	1.5967	0.0000	1.5592	0.0000	1.0000	4.0000	6.5000	4.0000	
234.8672	234.3233	239.3315	245.8315	10.0000	1.5439	0.0000	1.0082	0.0000	1.0000	4.0000	6.5000	4.0000	
237.3099	236.8672	241.9186	248.4186	17.0000	1.4427	0.0000	1.0514	0.0000	1.0000	4.0000	6.5000	4.0000	
240.2082	239.3099	243.9630	250.4630	1.0000	1.8982	0.0000	0.6531	0.0000	1.0000	4.0000	6.5000	4.0000	
242.5440	242.2082	247.6545	254.1545	7.0000	1.3359	0.0000	1.4464	0.0000	1.0000	4.0000	6.5000	4.0000	
244.7771	244.5440	249.5767	256.0767	10.0000	1.2331	0.0000	1.0327	0.0000	1.0000	4.0000	6.5000	4.0000	
247.3498	246.7771	251.2820	257.7820	4.0000	1.5727	0.0000	0.5050	0.0000	1.0000	4.0000	6.5000	4.0000	
249.7413	249.3498	254.5308	261.0308	12.0000	1.3916	0.0000	1.1811	0.0000	1.0000	4.0000	6.5000	4.0000	
252.0260	251.7413	257.0328	263.5328	16.0000	1.2846	0.0000	1.2915	0.0000	1.0000	4.0000	6.5000	4.0000	
254.7493	254.0260	258.5354	265.0354	2.0000	1.7233	0.0000	0.5095	0.0000	1.0000	4.0000	6.5000	4.0000	
258.4847	256.7493	261.2772	267.7772	6.0000	2.7354	0.0000	0.5279	0.0000	1.0000	4.0000	6.5000	4.0000	
260.6741	260.4847	265.4806	271.9806	17.0000	1.1894	0.0000	0.9959	0.0000	1.0000	4.0000	6.5000	4.0000	
266.1824	262.6741	267.6502	274.1502	5.0000	4.5083	0.0000	0.9762	0.0000	1.0000	4.0000	6.5000	4.0000	
268.2632	268.1824	272.7332	279.2332	4.0000	1.0808	0.0000	0.5508	0.0000	1.0000	4.0000	6.5000	4.0000	
270.4037	270.2632	275.2884	281.7884	5.0000	1.1405	0.0000	1.0252	0.0000	1.0000	4.0000	6.5000	4.0000	
274.4571	272.4037	277.6520	284.1520	11.0000	3.0534	0.0000	1.2483	0.0000	1.0000	4.0000	6.5000	4.0000	
279.9648	276.4571	281.0936	287.5936	16.0000	4.5077	0.0000	0.6365	0.0000	1.0000	4.0000	6.5000	4.0000	
282.4770	281.9648	287.1698	293.6698	12.0000	1.5122	0.0000	1.2050	0.0000	1.0000	4.0000	6.5000	4.0000	
284.8956	284.4770	289.4338	295.9338	18.0000	1.4186	0.0000	0.9568	0.0000	1.0000	4.0000	6.5000	4.0000	
287.2518	286.8956	291.6039	298.1039	7.0000	1.3562	0.0000	0.7083	0.0000	1.0000	4.0000	6.5000	4.0000	
290.0039	289.2518	293.9192	300.4192	5.0000	1.7521	0.0000	0.6674	0.0000	1.0000	4.0000	6.5000	4.0000	
292.5408	292.0039	298.0890	304.5890	16.0000	1.5369	0.0000	2.0851	0.0000	1.0000	4.0000	6.5000	4.0000	
294.5508	294.5408	299.9518	306.4518	16.0000	1.0099	0.0000	1.4109	0.0000	1.0000	4.0000	6.5000	4.0000	
297.0940	296.5508	301.7188	308.2188	2.0000	1.5432	0.0000	1.1681	0.0000	1.0000	4.0000	6.5000	4.0000	
299.4273	299.0940	303.8986	310.3986	6.0000	1.3333	0.0000	0.8046	0.0000	1.0000	4.0000	6.5000	4.0000	
301.5183	301.4273	306.2854	312.7854	14.0000	1.0911	0.0000	0.8581	0.0000	1.0000	4.0000	6.5000	4.0000	
304.0235	303.5183	308.3093	314.8093	7.0000	1.5051	0.0000	0.7910	0.0000	1.0000	4.0000	6.5000	4.0000	
307.3879	306.0235	311.0360	317.5360	12.0000	2.3644	0.0000	1.0125	0.0000	1.0000	4.0000	6.5000	4.0000	
310.3876	309.3879	314.0680	320.5680	11.0000	1.9997	0.0000	0.6801	0.0000	1.0000	4.0000	6.5000	4.0000	
312.5493	312.3876	317.3069	323.8069	16.0000	1.1616	0.0000	0.9193	0.0000	1.0000	4.0000	6.5000	4.0000	
314.8463	314.5493	320.0289	326.5289	15.0000	1.2970	0.0000	1.4796	0.0000	1.0000	4.0000	6.5000	4.0000	
317.7251	316.8463	321.4566	327.9566	10.0000	1.8788	0.0000	0.6103	0.0000	1.0000	4.0000	6.5000	4.0000	
319.8778	319.7251	325.4723	331.9723	3.0000	1.1526	0.0000	1.7472	0.0000	1.0000	4.0000	6.5000	4.0000	
323.5857	321.8778	327.9295	334.4295	6.0000	2.7080	0.0000	2.0518	0.0000	1.0000	4.0000	6.5000	4.0000	
326.2161	325.5857	330.2347	336.7347	3.0000	1.6304	0.0000	0.6489	0.0000	1.0000	4.0000	6.5000	4.0000	
329.2990	328.2161	332.7423	339.2423	2.0000	2.0828	0.0000	0.5262	0.0000	1.0000	4.0000	6.5000	4.0000	
332.5186	331.2990	335.8146	342.3146	6.0000	2.2197	0.0000	0.5157	0.0000	1.0000	4.0000	6.5000	4.0000	
338.5186	334.5186	339.9379	346.4379	15.0000	5.0000	0.0000	1.4192	0.0000	1.0000	4.0000	6.5000	4.0000	
342.7987	340.5186	345.6086	352.1086	2.0000	3.2800	0.0000	1.0900	0.0000	1.0000	4.0000	6.5000	4.0000	
345.1654	344.7987	351.1293	357.6293	14.0000	1.3667	0.0000	2.3306	0.0000	1.0000	4.0000	6.5000	4.0000	
347.3236	347.1654	352.6763	359.1763	15.0000	1.1582	0.0000	1.5109	0.0000	1.0000	4.0000	6.5000	4.0000	
349.9496	349.3236	355.3020	361.8020	17.0000	1.6260	0.0000	1.9783	0.0000	1.0000	4.0000	6.5000	4.0000	
351.9716	351.9496	356.5977	363.0977	17.0000	1.0220	0.0000	0.6481	0.0000	1.0000	4.0000	6.5000	4.0000	
355.7960	353.9716	360.0918	366.5918	2.0000	2.8244	0.0000	2.1201	0.0000	1.0000	4.0000	6.5000	4.0000	
360.5797	357.7960	363.9307	370.4307	3.0000	3.7838	0.0000	2.1348	0.0000	1.0000	4.0000	6.5000	4.0000	
363.3786	362.5797	368.1895	374.6895	1.0000	1.7988	0.0000	1.6097	0.0000	1.0000	4.0000	6.5000	4.0000	
366.9328	365.3786	370.4384	376.9384	14.0000	2.5542	0.0000	1.0598	0.0000	1.0000	4.0000	6.5000	4.0000	
369.2474	368.9328	373.4420	379.9420	10.0000	1.3146	0.0000	0.5092	0.0000	1.0000	4.0000	6.5000	4.0000	
374.3554	371.2474	375.9107	382.4107	14.0000	4.1080	0.0000	0.6633	0.0000	1.0000	4.0000	6.5000	4.0000	
376.3708	376.3554	382.4135	388.9135	13.0000	1.0154	0.0000	2.0581	0.0000	1.0000	4.0000	6.5000	4.0000	
378.6315	378.3708	383.3776	389.8776	12.0000	1.2607	0.0000	1.0068	0.0000	1.0000	4.0000	6.5000	4.0000	
382.0773	380.6315	385.4390	391.9390	10.0000	2.4458	0.0000	0.8075	0.0000	1.0000	4.0000	6.5000	4.0000	
385.0735	384.0773	388.7351	395.2351	6.0000	1.9961	0.0000	0.6578	0.0000	1.0000	4.0000	6.5000	4.0000	
388.6908	387.0735	391.8583	398.3583	7.0000	2.6173	0.0000	0.7849	0.0000	1.0000	4.0000	6.5000	4.0000	
391.1171	390.6908	395.8692	402.3692	18.0000	1.4263	0.0000	1.1784	0.0000	1.0000	4.0000	6.5000	4.0000	
396.6254	393.1171	397.7644	404.2644	18.0000	4.5083	0.0000	0.6473	0.0000	1.0000	4.0000	6.5000	4.0000	
398.6773	398.6254	403.1738	409.6738	4.0000	1.0519	0.0000	0.5484	0.0000	1.0000	4.0000	6.5000	4.0000	
401.2212	400.6773	405.4958	411.9958	16.0000	1.5439	0.0000	0.8185	0.0000	1.0000	4.0000	6.5000	4.0000	
404.1011	403.2212	407.8906	414.3906	13.0000	1.8799	0.0000	0.6694	0.0000	1.0000	4.0000	6.5000	4.0000	
406.5540	406.1011	410.9139	417.4139	8.0000	1.4528	0.0000	0.8128	0.0000	1.0000	4.0000	6.5000	4.0000	
408.6565	408.5540	413.3340	419.8340	7.0000	1.1025	0.0000	0.7801	0.0000	1.0000	4.0000	6.5000	4.0000	
410.6910	410.6565	415.7566	422.2566	5.0000	1.0345	0.0000	1.1001	0.0000	1.0000	4.0000	6.5000	4.0000	
414.7104	412.6910	417.5259	424.0259	4.0000	3.0193	0.0000	0.8349	0.0000	1.0000	4.0000	6.5000	4.0000	
417.5020	416.7104	422.1296	428.6296	7.0000	1.7916	0.0000	1.4192	0.0000	1.0000	4.0000	6.5000	4.0000	
419.9783	419.5020	424.1196	430.6196	17.0000	1.4763	0.0000	0.6176	0.0000	1.0000	4.0000	6.5000	4.0000	
422.5276	421.9783	426.6256	433.1256	13.0000	1.5494	0.0000	0.6473	0.0000	1.0000	4.0000	6.5000	4.0000	
425.4541	424.5276	429.2336	435.7336	10.0000	1.9265	0.0000	0.7059	0.0000	1.0000	4.0000	6.5000	4.0000	
428.2063	427.4541	432.4401	438.9401	17.0000	1.7521	0.0000	0.9860	0.0000	1.0000	4.0000	6.5000	4.0000	
430.7727	430.2063	435.0031	441.5031	7.0000	1.5665	0.0000	0.7969	0.0000	1.0000	4.0000	6.5000	4.0000	
433.8276	432.7727	438.0365	444.5365	12.0000	2.0549	0.0000	1.2637	0.0000	1.0000	4.0000	6.5000	4.0000	
437.4299	435.8276	440.5540	447.0540	6.0000	2.6023	0.0000	0.7264	0.0000	1.0000	4.0000	6.5000	4.0000	
439.6506	439.4299	443.9696	450.4696	1.0000	1.2207	0.0000	0.5397	0.0000	1.0000	4.0000	6.5000	4.0000	
442.8056	441.6506	447.3124	453.8124	12.0000	2.1550	0.0000	1.6618	0.0000	1.0000	4.0000	6.5000	4.0000	
446.6247	444.8056	449.3336	455.8336	8.0000	2.8191	0.0000	0.5280	0.0000	1.0000	4.0000	6.5000	4.0000	
449.5121	448.6247	453.5550	460.0550	12.0000	1.8874	0.0000	0.9303	0.0000	1.0000	4.0000	6.5000	4.0000	
452.2863	451.5121	456.4686	462.9686	13.0000	1.7742	0.0000	0.9565	0.0000	1.0000	4.0000	6.5000	4.0000	
454.8237	454.2863	458.8395	465.3395	18.0000	1.5374	0.0000	0.5532	0.0000	1.0000	4.0000	6.5000	4.0000	
457.1968	456.8237	462.4536	468.9536	15.0000	1.3731	0.0000	1.6299	0.0000	1.0000	4.0000	6.5000	4.0000	
461.9560	459.1968	463.7294	470.2294	12.0000	3.7593	0.0000	0.5326	0.0000	1.0000	4.0000	6.5000	4.0000	
464.0772	463.9560	468.5037	475.0037	17.0000	1.1212	0.0000	0.5477	0.0000	1.0000	4.0000	6.5000	4.0000	
467.8633	466.0772	471.1242	477.6242	9.0000	2.7860	0.0000	1.0470	0.0000	1.0000	4.0000	6.5000	4.0000	
469.9412	469.8633	474.6257	481.1257	8.0000	1.0779	0.0000	0.7624	0.0000	1.0000	4.0000	6.5000	4.0000	
472.0473	471.9412	477.8347	484.3347	13.0000	1.1061	0.0000	1.8935	0.0000	1.0000	4.0000	6.5000	4.0000	
474.7244	474.0473	478.5513	485.0513	1.0000	1.6772	0.0000	0.5040	0.0000	1.0000	4.0000	6.5000	4.0000	
477.2122	476.7244	485.1036	491.6036	2.0000	1.4877	0.0000	4.3791	0.0000	1.0000	4.0000	6.5000	4.0000	
479.9643	479.2122	485.0585	491.5585	8.0000	1.7521	0.0000	1.8463	0.0000	1.0000	4.0000	6.5000	4.0000	
482.0342	481.9643	486.6943	493.1943	3.0000	1.0699	0.0000	0.7300	0.0000	1.0000	4.0000	6.5000	4.0000	
484.3713	484.0342	488.9006	495.4006	16.0000	1.3371	0.0000	0.8664	0.0000	1.0000	4.0000	6.5000	4.0000	
486.4025	486.3713	491.3722	497.8722	3.0000	1.0312	0.0000	1.0009	0.0000	1.0000	4.0000	6.5000	4.0000	
490.3602	488.4025	492.9624	499.4624	8.0000	2.9578	0.0000	0.5599	0.0000	1.0000	4.0000	6.5000	4.0000	
492.5308	492.3602	496.9593	503.4593	12.0000	1.1705	0.0000	0.5991	0.0000	1.0000	4.0000	6.5000	4.0000	
494.8316	494.5308	499.1163	505.6163	12.0000	1.3008	0.0000	0.5855	0.0000	1.0000	4.0000	6.5000	4.0000	
496.8322	496.8316	502.4934	508.9934	8.0000	1.0006	0.0000	1.6618	0.0000	1.0000	4.0000	6.5000	4.0000	
502.3502	498.8322	504.1392	510.6392	10.0000	4.5180	0.0000	1.3070	0.0000	1.0000	4.0000	6.5000	4.0000	
506.7044	504.3502	509.0032	515.5032	3.0000	3.3542	0.0000	0.6531	0.0000	1.0000	4.0000	6.5000	4.0000	
509.0586	508.7044	513.9205	520.4205	6.0000	1.3542	0.0000	1.2161	0.0000	1.0000	4.0000	6.5000	4.0000	
512.7726	511.0586	516.9050	523.4050	5.0000	2.7140	0.0000	1.8463	0.0000	1.0000	4.0000	6.5000	4.0000	
516.1593	514.7726	519.3542	525.8542	10.0000	2.3867	0.0000	0.5816	0.0000	1.0000	4.0000	6.5000	4.0000	
522.1593	518.1593	523.1589	529.6589	17.0000	5.0000	0.0000	0.9995	0.0000	1.0000	4.0000	6.5000	4.0000	
524.4601	524.1593	529.5507	536.0507	17.0000	1.3008	0.0000	1.3914	0.0000	1.0000	4.0000	6.5000	4.0000	
527.9818	526.4601	531.3074	537.8074	1.0000	2.5217	0.0000	0.8473	0.0000	1.0000	4.0000	6.5000	4.0000	
530.4679	529.9818	534.7786	541.2786	16.0000	1.4862	0.0000	0.7969	0.0000	1.0000	4.0000	6.5000	4.0000	
532.8963	532.4679	539.4183	545.9183	3.0000	1.4284	0.0000	2.9503	0.0000	1.0000	4.0000	6.5000	4.0000	
536.9102	534.8963	539.6684	546.1684	4.0000	3.0138	0.0000	0.7721	0.0000	1.0000	4.0000	6.5000	4.0000	
541.0002	538.9102	543.9195	550.4195	6.0000	3.0901	0.0000	1.0093	0.0000	1.0000	4.0000	6.5000	4.0000	
543.8045	543.0002	548.0514	554.5514	8.0000	1.8043	0.0000	1.0512	0.0000	1.0000	4.0000	6.5000	4.0000	
546.1006	545.8045	550.9640	557.4640	13.0000	1.2961	0.0000	1.1595	0.0000	1.0000	4.0000	6.5000	4.0000	
549.0137	548.1006	553.9589	560.4589	8.0000	1.9131	0.0000	1.8583	0.0000	1.0000	4.0000	6.5000	4.0000	
551.2584	551.0137	555.8127	562.3127	17.0000	1.2446	0.0000	0.7990	0.0000	1.0000	4.0000	6.5000	4.0000	
554.3700	553.2584	558.3825	564.8825	14.0000	2.1116	0.0000	1.1241	0.0000	1.0000	4.0000	6.5000	4.0000	
556.6896	556.3700	560.8879	567.3879	11.0000	1.3196	0.0000	0.5179	0.0000	1.0000	4.0000	6.5000	4.0000	
558.9265	558.6896	563.3370	569.8370	10.0000	1.2369	0.0000	0.6473	0.0000	1.0000	4.0000	6.5000	4.0000	
561.0358	560.9265	565.7742	572.2742	3.0000	1.1093	0.0000	0.8478	0.0000	1.0000	4.0000	6.5000	4.0000	
563.1900	563.0358	567.5761	574.0761	3.0000	1.1542	0.0000	0.5404	0.0000	1.0000	4.0000	6.5000	4.0000	
565.7077	565.1900	570.1635	576.6635	14.0000	1.5177	0.0000	0.9735	0.0000	1.0000	4.0000	6.5000	4.0000	
569.3100	567.7077	572.3705	578.8705	15.0000	2.6023	0.0000	0.6628	0.0000	1.0000	4.0000	6.5000	4.0000	
571.5198	571.3100	575.8192	582.3192	6.0000	1.2098	0.0000	0.5092	0.0000	1.0000	4.0000	6.5000	4.0000	
574.1967	573.5198	578.5745	585.0745	7.0000	1.6769	0.0000	1.0548	0.0000	1.0000	4.0000	6.5000	4.0000	
576.4118	576.1967	580.7165	587.2165	3.0000	1.2151	0.0000	0.5198	0.0000	1.0000	4.0000	6.5000	4.0000	
579.2581	578.4118	583.0776	589.5776	3.0000	1.8463	0.0000	0.6659	0.0000	1.0000	4.0000	6.5000	4.0000	
581.8699	581.2581	586.0094	592.5094	18.0000	1.6118	0.0000	0.7513	0.0000	1.0000	4.0000	6.5000	4.0000	
584.9526	583.8699	588.8925	595.3925	11.0000	2.0827	0.0000	1.0227	0.0000	1.0000	4.0000	6.5000	4.0000	
589.7906	586.9526	591.7100	598.2100	13.0000	3.8381	0.0000	0.7575	0.0000	1.0000	4.0000	6.5000	4.0000	
595.7094	591.7906	596.4326	602.9326	15.0000	4.9187	0.0000	0.6420	0.0000	1.0000	4.0000	6.5000	4.0000	
597.8412	597.7094	602.3107	608.8107	16.0000	1.1318	0.0000	0.6013	0.0000	1.0000	4.0000	6.5000	4.0000	
600.2473	599.8412	605.0435	611.5435	7.0000	1.4061	0.0000	1.2023	0.0000	1.0000	4.0000	6.5000	4.0000	
602.5870	602.2473	607.8983	614.3983	12.0000	1.3397	0.0000	1.6510	0.0000	1.0000	4.0000	6.5000	4.0000	
606.3244	604.5870	609.9387	616.4387	17.0000	2.7374	0.0000	1.3517	0.0000	1.0000	4.0000	6.5000	4.0000	
609.1509	608.3244	613.8147	620.3147	18.0000	1.8265	0.0000	1.4903	0.0000	1.0000	4.0000	6.5000	4.0000	
611.9792	611.1509	615.7429	622.2429	16.0000	1.8283	0.0000	0.5920	0.0000	1.0000	4.0000	6.5000	4.0000	
615.8851	613.9792	618.5968	625.0968	15.0000	2.9060	0.0000	0.6176	0.0000	1.0000	4.0000	6.5000	4.0000	
618.9079	617.8851	622.8945	629.3945	3.0000	2.0228	0.0000	1.0093	0.0000	1.0000	4.0000	6.5000	4.0000	
621.7757	620.9079	625.4941	631.9941	15.0000	1.8678	0.0000	0.5862	0.0000	1.0000	4.0000	6.5000	4.0000	
624.8265	623.7757	629.0993	635.5993	9.0000	2.0508	0.0000	1.3236	0.0000	1.0000	4.0000	6.5000	4.0000	
626.8669	626.8265	631.4937	637.9937	8.0000	1.0403	0.0000	0.6672	0.0000	1.0000	4.0000	6.5000	4.0000	
630.5808	628.8669	634.0177	640.5177	4.0000	2.7140	0.0000	1.1509	0.0000	1.0000	4.0000	6.5000	4.0000	
632.6627	632.5808	638.7793	645.2793	15.0000	1.0819	0.0000	2.1985	0.0000	1.0000	4.0000	6.5000	4.0000	
635.0740	634.6627	640.5382	647.0382	18.0000	1.4113	0.0000	1.8755	0.0000	1.0000	4.0000	6.5000	4.0000	
637.7777	637.0740	641.7414	648.2414	4.0000	1.7038	0.0000	0.6674	0.0000	1.0000	4.0000	6.5000	4.0000	
640.3070	639.7777	645.3370	651.8370	15.0000	1.5292	0.0000	1.5592	0.0000	1.0000	4.0000	6.5000	4.0000	
643.1208	642.3070	649.2573	655.7573	5.0000	1.8138	0.0000	2.9503	0.0000	1.0000	4.0000	6.5000	4.0000	
645.9787	645.1208	649.9480	656.4480	13.0000	1.8579	0.0000	0.8272	0.0000	1.0000	4.0000	6.5000	4.0000	
648.2034	647.9787	652.8373	659.3373	17.0000	1.2247	0.0000	0.8586	0.0000	1.0000	4.0000	6.5000	4.0000	
650.4663	650.2034	654.9709	661.4709	8.0000	1.2629	0.0000	0.7675	0.0000	1.0000	4.0000	6.5000	4.0000	
652.9413	652.4663	657.3754	663.8754	8.0000	1.4749	0.0000	0.9091	0.0000	1.0000	4.0000	6.5000	4.0000	
656.3844	654.9413	659.7770	666.2770	7.0000	2.4432	0.0000	0.8358	0.0000	1.0000	4.0000	6.5000	4.0000	
658.6805	658.3844	663.0589	669.5589	9.0000	1.2961	0.0000	0.6745	0.0000	1.0000	4.0000	6.5000	4.0000	
664.5993	660.6805	665.7532	672.2532	13.0000	4.9187	0.0000	1.0726	0.0000	1.0000	4.0000	6.5000	4.0000	
667.2722	666.5993	672.1007	678.6007	1.0000	1.6729	0.0000	1.5015	0.0000	1.0000	4.0000	6.5000	4.0000	
671.9779	669.2722	673.9990	680.4990	1.0000	3.7057	0.0000	0.7268	0.0000	1.0000	4.0000	6.5000	4.0000	
677.9779	673.9779	679.8362	686.3362	9.0000	5.0000	0.0000	1.8583	0.0000	1.0000	4.0000	6.5000	4.0000	
680.4231	679.9779	685.2849	691.7849	1.0000	1.4452	0.0000	1.3070	0.0000	1.0000	4.0000	6.5000	4.0000	
683.1159	682.4231	687.1220	693.6220	13.0000	1.6927	0.0000	0.6989	0.0000	1.0000	4.0000	6.5000	4.0000	
685.8535	685.1159	690.4840	696.9840	10.0000	1.7376	0.0000	1.3682	0.0000	1.0000	4.0000	6.5000	4.0000	
688.4437	687.8535	692.9113	699.4113	13.0000	1.5902	0.0000	1.0579	0.0000	1.0000	4.0000	6.5000	4.0000	
691.1310	690.4437	695.4582	701.9582	15.0000	1.6873	0.0000	1.0145	0.0000	1.0000	4.0000	6.5000	4.0000	
697.1310	693.1310	697.6848	704.1848	18.0000	5.0000	0.0000	0.5537	0.0000	1.0000	4.0000	6.5000	4.0000	
700.5769	699.1310	703.9713	710.4713	14.0000	2.4458	0.0000	0.8402	0.0000	1.0000	4.0000	6.5000	4.0000	
703.8059	702.5769	707.4344	713.9344	11.0000	2.2290	0.0000	0.8575	0.0000	1.0000	4.0000	6.5000	4.0000	
706.2052	705.8059	711.9679	718.4679	18.0000	1.3993	0.0000	2.1620	0.0000	1.0000	4.0000	6.5000	4.0000	
708.2180	708.2052	714.9943	721.4943	11.0000	1.0128	0.0000	2.7892	0.0000	1.0000	4.0000	6.5000	4.0000	
710.5170	710.2180	715.7761	722.2761	9.0000	1.2990	0.0000	1.5581	0.0000	1.0000	4.0000	6.5000	4.0000	
712.8364	712.5170	717.1528	723.6528	2.0000	1.3194	0.0000	0.6358	0.0000	1.0000	4.0000	6.5000	4.0000	
718.8364	714.8364	719.3510	725.8510	7.0000	5.0000	0.0000	0.5146	0.0000	1.0000	4.0000	6.5000	4.0000	
722.3580	720.8364	726.5871	733.0871	5.0000	2.5217	0.0000	1.7507	0.0000	1.0000	4.0000	6.5000	4.0000	
727.1085	724.3580	729.6759	736.1759	10.0000	3.7504	0.0000	1.3178	0.0000	1.0000	4.0000	6.5000	4.0000	
730.5163	729.1085	736.9097	743.4097	4.0000	2.4079	0.0000	3.8012	0.0000	1.0000	4.0000	6.5000	4.0000	
732.8291	732.5163	737.0438	743.5438	8.0000	1.3128	0.0000	0.5274	0.0000	1.0000	4.0000	6.5000	4.0000	
734.8781	734.8291	739.3307	745.8307	13.0000	1.0490	0.0000	0.5016	0.0000	1.0000	4.0000	6.5000	4.0000	
737.3100	736.8781	741.7496	748.2496	10.0000	1.4319	0.0000	0.8715	0.0000	1.0000	4.0000	6.5000	4.0000	
741.3764	739.3100	744.1967	750.6967	17.0000	3.0664	0.0000	0.8867	0.0000	1.0000	4.0000	6.5000	4.0000	
744.3859	743.3764	748.1137	754.6137	4.0000	2.0095	0.0000	0.7374	0.0000	1.0000	4.0000	6.5000	4.0000	
748.7401	746.3859	751.0905	757.5905	7.0000	3.3542	0.0000	0.7046	0.0000	1.0000	4.0000	6.5000	4.0000	
750.8418	750.7401	755.6255	762.1255	5.0000	1.1017	0.0000	0.8854	0.0000	1.0000	4.0000	6.5000	4.0000	
756.3598	752.8418	757.7414	764.2414	8.0000	4.5180	0.0000	0.8996	0.0000	1.0000	4.0000	6.5000	4.0000	
759.4319	758.3598	764.4449	770.9449	10.0000	2.0721	0.0000	2.0851	0.0000	1.0000	4.0000	6.5000	4.0000	
762.1722	761.4319	766.2589	772.7589	15.0000	1.7403	0.0000	0.8270	0.0000	1.0000	4.0000	6.5000	4.0000	
765.0971	764.1722	770.7601	777.2601	7.0000	1.9249	0.0000	2.5879	0.0000	1.0000	4.0000	6.5000	4.0000	
770.6396	767.0971	771.7413	778.2413	4.0000	4.5425	0.0000	0.6442	0.0000	1.0000	4.0000	6.5000	4.0000	
773.1381	772.6396	777.3695	783.8695	6.0000	1.4985	0.0000	0.7300	0.0000	1.0000	4.0000	6.5000	4.0000	
775.9838	775.1381	780.0248	786.5248	4.0000	1.8457	0.0000	0.8867	0.0000	1.0000	4.0000	6.5000	4.0000	
779.4351	777.9838	782.6978	789.1978	13.0000	2.4513	0.0000	0.7140	0.0000	1.0000	4.0000	6.5000	4.0000	
781.7896	781.4351	786.3501	792.8501	15.0000	1.3545	0.0000	0.9151	0.0000	1.0000	4.0000	6.5000	4.0000	
784.4377	783.7896	790.1202	796.6202	6.0000	1.6481	0.0000	2.3306	0.0000	1.0000	4.0000	6.5000	4.0000	
786.8109	786.4377	791.3910	797.8910	10.0000	1.3733	0.0000	0.9533	0.0000	1.0000	4.0000	6.5000	4.0000	
789.7805	788.8109	793.4785	799.9785	4.0000	1.9696	0.0000	0.6676	0.0000	1.0000	4.0000	6.5000	4.0000	
792.3328	791.7805	796.7213	803.2213	12.0000	1.5523	0.0000	0.9408	0.0000	1.0000	4.0000	6.5000	4.0000	
795.2928	794.3328	798.9653	805.4653	3.0000	1.9600	0.0000	0.6325	0.0000	1.0000	4.0000	6.5000	4.0000	
798.4478	797.2928	802.1504	808.6504	4.0000	2.1550	0.0000	0.8575	0.0000	1.0000	4.0000	6.5000	4.0000	
802.5026	800.4478	805.0341	811.5341	18.0000	3.0547	0.0000	0.5862	0.0000	1.0000	4.0000	6.5000	4.0000	
804.6613	804.5026	809.4894	815.9894	18.0000	1.1588	0.0000	0.9868	0.0000	1.0000	4.0000	6.5000	4.0000	
807.3661	806.6613	811.4503	817.9503	1.0000	1.7047	0.0000	0.7890	0.0000	1.0000	4.0000	6.5000	4.0000	
810.2161	809.3661	814.5956	821.0956	11.0000	1.8500	0.0000	1.2295	0.0000	1.0000	4.0000	6.5000	4.0000	
812.5007	812.2161	817.0010	823.5010	11.0000	1.2846	0.0000	0.7849	0.0000	1.0000	4.0000	6.5000	4.0000	
815.0672	814.5007	819.1544	825.6544	17.0000	1.5665	0.0000	0.6537	0.0000	1.0000	4.0000	6.5000	4.0000	
818.6373	817.0672	822.0929	828.5929	18.0000	2.5701	0.0000	1.0257	0.0000	1.0000	4.0000	6.5000	4.0000	
820.6861	820.6373	825.2519	831.7519	5.0000	1.0487	0.0000	0.6146	0.0000	1.0000	4.0000	6.5000	4.0000	
824.2350	822.6861	829.2170	835.7170	15.0000	2.5490	0.0000	2.5309	0.0000	1.0000	4.0000	6.5000	4.0000	
826.7336	826.2350	831.4276	837.9276	18.0000	1.4985	0.0000	1.1926	0.0000	1.0000	4.0000	6.5000	4.0000	
828.9531	828.7336	833.8340	840.3340	11.0000	1.2196	0.0000	1.1005	0.0000	1.0000	4.0000	6.5000	4.0000	
830.9716	830.9531	835.7045	842.2045	12.0000	1.0185	0.0000	0.7513	0.0000	1.0000	4.0000	6.5000	4.0000	
836.4793	832.9716	838.6227	845.1227	3.0000	4.5077	0.0000	1.6510	0.0000	1.0000	4.0000	6.5000	4.0000	
840.3037	838.4793	843.2368	849.7368	6.0000	2.8244	0.0000	0.7575	0.0000	1.0000	4.0000	6.5000	4.0000	
842.8972	842.3037	847.0526	853.5526	8.0000	1.5935	0.0000	0.7489	0.0000	1.0000	4.0000	6.5000	4.0000	
845.5066	844.8972	850.2886	856.7886	1.0000	1.6094	0.0000	1.3914	0.0000	1.0000	4.0000	6.5000	4.0000	
848.9417	847.5066	853.8373	860.3373	16.0000	2.4350	0.0000	2.3306	0.0000	1.0000	4.0000	6.5000	4.0000	
851.1747	850.9417	855.9302	862.4302	4.0000	1.2331	0.0000	0.9885	0.0000	1.0000	4.0000	6.5000	4.0000	
854.0746	853.1747	858.0323	864.5323	6.0000	1.8999	0.0000	0.8575	0.0000	1.0000	4.0000	6.5000	4.0000	
856.4426	856.0746	860.6843	867.1843	9.0000	1.3680	0.0000	0.6097	0.0000	1.0000	4.0000	6.5000	4.0000	
860.2294	858.4426	863.1198	869.6198	9.0000	2.7868	0.0000	0.6772	0.0000	1.0000	4.0000	6.5000	4.0000	
863.4719	862.2294	866.8391	873.3391	16.0000	2.2425	0.0000	0.6097	0.0000	1.0000	4.0000	6.5000	4.0000	
867.2962	865.4719	870.4975	876.9975	11.0000	2.8244	0.0000	1.0257	0.0000	1.0000	4.0000	6.5000	4.0000	
869.4958	869.2962	874.3087	880.8087	9.0000	1.1995	0.0000	1.0125	0.0000	1.0000	4.0000	6.5000	4.0000	
872.2336	871.4958	876.4526	882.9526	11.0000	1.7378	0.0000	0.9568	0.0000	1.0000	4.0000	6.5000	4.0000	
874.9233	874.2336	878.8679	885.3679	14.0000	1.6898	0.0000	0.6344	0.0000	1.0000	4.0000	6.5000	4.0000	
877.7728	876.9233	881.5380	888.0380	4.0000	1.8494	0.0000	0.6147	0.0000	1.0000	4.0000	6.5000	4.0000	
880.5394	879.7728	884.8275	891.3275	6.0000	1.7666	0.0000	1.0548	0.0000	1.0000	4.0000	6.5000	4.0000	
883.0264	882.5394	887.2963	893.7963	14.0000	1.4870	0.0000	0.7569	0.0000	1.0000	4.0000	6.5000	4.0000	
885.5277	885.0264	890.0843	896.5843	5.0000	1.5013	0.0000	1.0579	0.0000	1.0000	4.0000	6.5000	4.0000	
887.5283	887.5277	892.6518	899.1518	1.0000	1.0006	0.0000	1.1241	0.0000	1.0000	4.0000	6.5000	4.0000	
889.6228	889.5283	894.4186	900.9186	7.0000	1.0945	0.0000	0.8903	0.0000	1.0000	4.0000	6.5000	4.0000	
892.2488	891.6228	896.3117	902.8117	9.0000	1.6260	0.0000	0.6888	0.0000	1.0000	4.0000	6.5000	4.0000	
894.3827	894.2488	898.8992	905.3992	13.0000	1.1339	0.0000	0.6504	0.0000	1.0000	4.0000	6.5000	4.0000	
898.5786	896.3827	901.8124	908.3124	13.0000	3.1959	0.0000	1.4296	0.0000	1.0000	4.0000	6.5000	4.0000	
900.7492	900.5786	905.2815	911.7815	5.0000	1.1705	0.0000	0.7028	0.0000	1.0000	4.0000	6.5000	4.0000	
902.8857	902.7492	907.3416	913.8416	11.0000	1.1365	0.0000	0.5924	0.0000	1.0000	4.0000	6.5000	4.0000	
905.1371	904.8857	909.5358	916.0358	10.0000	1.2514	0.0000	0.6501	0.0000	1.0000	4.0000	6.5000	4.0000	
907.9225	907.1371	912.0153	918.5153	12.0000	1.7854	0.0000	0.8782	0.0000	1.0000	4.0000	6.5000	4.0000	
910.8025	909.9225	914.5110	921.0110	17.0000	1.8799	0.0000	0.5885	0.0000	1.0000	4.0000	6.5000	4.0000	
913.8725	912.8025	917.5556	924.0556	6.0000	2.0700	0.0000	0.7532	0.0000	1.0000	4.0000	6.5000	4.0000	
916.2820	915.8725	920.6256	927.1256	14.0000	1.4096	0.0000	0.7532	0.0000	1.0000	4.0000	6.5000	4.0000	
918.6036	918.2820	922.9185	929.4185	14.0000	1.3216	0.0000	0.6365	0.0000	1.0000	4.0000	6.5000	4.0000	
920.6640	920.6036	925.2175	931.7175	2.0000	1.0604	0.0000	0.6139	0.0000	1.0000	4.0000	6.5000	4.0000	
922.8028	922.6640	927.6402	934.1402	13.0000	1.1388	0.0000	0.9762	0.0000	1.0000	4.0000	6.5000	4.0000	
928.3453	924.8028	930.1503	936.6503	2.0000	4.5425	0.0000	1.3475	0.0000	1.0000	4.0000	6.5000	4.0000	
931.3233	930.3453	935.1638	941.6638	15.0000	1.9780	0.0000	0.8185	0.0000	1.0000	4.0000	6.5000	4.0000	
934.3279	933.3233	938.7425	945.2425	10.0000	2.0046	0.0000	1.4192	0.0000	1.0000	4.0000	6.5000	4.0000	
936.4032	936.3279	941.0632	947.5632	16.0000	1.0753	0.0000	0.7353	0.0000	1.0000	4.0000	6.5000	4.0000	
939.9344	938.4032	944.2786	950.7786	5.0000	2.5312	0.0000	1.8755	0.0000	1.0000	4.0000	6.5000	4.0000	
942.6577	941.9344	947.8841	954.3841	5.0000	1.7233	0.0000	1.9497	0.0000	1.0000	4.0000	6.5000	4.0000	
945.2671	944.6577	949.6465	956.1465	14.0000	1.6094	0.0000	0.9888	0.0000	1.0000	4.0000	6.5000	4.0000	
947.4867	947.2671	951.8209	958.3209	4.0000	1.2196	0.0000	0.5537	0.0000	1.0000	4.0000	6.5000	4.0000	
949.7357	949.4867	954.7812	961.2812	16.0000	1.2490	0.0000	1.2945	0.0000	1.0000	4.0000	6.5000	4.0000	
953.7495	951.7357	956.7868	963.2868	5.0000	3.0138	0.0000	1.0512	0.0000	1.0000	4.0000	6.5000	4.0000	
955.8170	955.7495	960.4097	966.9097	2.0000	1.0675	0.0000	0.6602	0.0000	1.0000	4.0000	6.5000	4.0000	
960.5776	957.8170	963.3618	969.8618	13.0000	3.7606	0.0000	1.5447	0.0000	1.0000	4.0000	6.5000	4.0000	
965.6733	962.5776	967.8413	974.3413	13.0000	4.0957	0.0000	1.2637	0.0000	1.0000	4.0000	6.5000	4.0000	
969.3873	967.6733	972.3034	978.8034	17.0000	2.7140	0.0000	0.6300	0.0000	1.0000	4.0000	6.5000	4.0000	
972.7401	971.3873	975.9689	982.4689	7.0000	2.3528	0.0000	0.5816	0.0000	1.0000	4.0000	6.5000	4.0000	
975.5939	974.7401	979.5433	986.0433	4.0000	1.8538	0.0000	0.8032	0.0000	1.0000	4.0000	6.5000	4.0000	
978.4938	977.5939	982.1571	988.6571	15.0000	1.8999	0.0000	0.5632	0.0000	1.0000	4.0000	6.5000	4.0000	
981.0710	980.4938	985.2037	991.7037	10.0000	1.5772	0.0000	0.7099	0.0000	1.0000	4.0000	6.5000	4.0000	
983.1055	983.0710	987.8417	994.3417	7.0000	1.0345	0.0000	0.7707	0.0000	1.0000	4.0000	6.5000	4.0000	
986.2172	985.1055	989.8375	996.3375	13.0000	2.1116	0.0000	0.7320	0.0000	1.0000	4.0000	6.5000	4.0000	
989.4197	988.2172	993.8014	1000.3014	5.0000	2.2025	0.0000	1.5842	0.0000	1.0000	4.0000	6.5000	4.0000	
992.1430	991.4197	996.1323	1002.6323	6.0000	1.7233	0.0000	0.7126	0.0000	1.0000	4.0000	6.5000	4.0000	
994.4391	994.1430	1000.1177	1006.6177	7.0000	1.2961	0.0000	1.9747	0.0000	1.0000	4.0000	6.5000	4.0000	
998.1494	996.4391	1001.1437	1007.6437	13.0000	2.7102	0.0000	0.7046	0.0000	1.0000	4.0000	6.5000	4.0000	
1000.3369	1000.1494	1004.8680	1011.3680	16.0000	1.1875	0.0000	0.7186	0.0000	1.0000	4.0000	6.5000	4.0000	
1002.6195	1002.3369	1006.9296	1013.4296	5.0000	1.2826	0.0000	0.5927	0.0000	1.0000	4.0000	6.5000	4.0000	
1004.8989	1004.6195	1010.7753	1017.2753	15.0000	1.2794	0.0000	2.1558	0.0000	1.0000	4.0000	6.5000	4.0000	
1008.9889	1006.8989	1012.1741	1018.6741	18.0000	3.0901	0.0000	1.2752	0.0000	1.0000	4.0000	6.5000	4.0000	
1011.2879	1010.9889	1015.9040	1022.4040	10.0000	1.2990	0.0000	0.9151	0.0000	1.0000	4.0000	6.5000	4.0000	
1013.4339	1013.2879	1021.6671	1028.1671	15.0000	1.1460	0.0000	4.3791	0.0000	1.0000	4.0000	6.5000	4.0000	
1017.8657	1015.4339	1020.1492	1026.6492	11.0000	3.4318	0.0000	0.7152	0.0000	1.0000	4.0000	6.5000	4.0000	
1020.3527	1019.8657	1024.3961	1030.8961	18.0000	1.4870	0.0000	0.5303	0.0000	1.0000	4.0000	6.5000	4.0000	
1022.4235	1022.3527	1027.3654	1033.8654	17.0000	1.0707	0.0000	1.0127	0.0000	1.0000	4.0000	6.5000	4.0000	
1024.7118	1024.4235	1028.9892	1035.4892	2.0000	1.2883	0.0000	0.5658	0.0000	1.0000	4.0000	6.5000	4.0000	
1029.2419	1026.7118	1031.4763	1037.9763	8.0000	3.5301	0.0000	0.7645	0.0000	1.0000	4.0000	6.5000	4.0000	
1032.0389	1031.2419	1036.5936	1043.0936	16.0000	1.7969	0.0000	1.3517	0.0000	1.0000	4.0000	6.5000	4.0000	
1036.1959	1034.0389	1039.1289	1045.6289	14.0000	3.1570	0.0000	1.0900	0.0000	1.0000	4.0000	6.5000	4.0000	
1038.9158	1038.1959	1043.0231	1049.5231	14.0000	1.7199	0.0000	0.8272	0.0000	1.0000	4.0000	6.5000	4.0000	
1041.1392	1040.9158	1045.5186	1052.0186	10.0000	1.2234	0.0000	0.6029	0.0000	1.0000	4.0000	6.5000	4.0000	
1043.6692	1043.1392	1047.9109	1054.4109	5.0000	1.5300	0.0000	0.7717	0.0000	1.0000	4.0000	6.5000	4.0000	
1046.1708	1045.6692	1050.3351	1056.8351	11.0000	1.5017	0.0000	0.6659	0.0000	1.0000	4.0000	6.5000	4.0000	
1049.2409	1048.1708	1053.2301	1059.7301	1.0000	2.0700	0.0000	1.0592	0.0000	1.0000	4.0000	6.5000	4.0000	
1051.8872	1051.2409	1055.7593	1062.2593	7.0000	1.6464	0.0000	0.5184	0.0000	1.0000	4.0000	6.5000	4.0000	
1055.1805	1053.8872	1058.8023	1065.3023	4.0000	2.2933	0.0000	0.9151	0.0000	1.0000	4.0000	6.5000	4.0000	
1057.5485	1057.1805	1062.3329	1068.8329	18.0000	1.3680	0.0000	1.1524	0.0000	1.0000	4.0000	6.5000	4.0000	
1059.6640	1059.5485	1064.2973	1070.7973	11.0000	1.1155	0.0000	0.7488	0.0000	1.0000	4.0000	6.5000	4.0000	
1061.9126	1061.6640	1067.6492	1074.1492	5.0000	1.2486	0.0000	1.9852	0.0000	1.0000	4.0000	6.5000	4.0000	
1064.3181	1063.9126	1068.9845	1075.4845	12.0000	1.4055	0.0000	1.0719	0.0000	1.0000	4.0000	6.5000	4.0000	
1066.5526	1066.3181	1071.4671	1077.9671	15.0000	1.2345	0.0000	1.1489	0.0000	1.0000	4.0000	6.5000	4.0000	
1068.6006	1068.5526	1073.5991	1080.0991	2.0000	1.0479	0.0000	1.0465	0.0000	1.0000	4.0000	6.5000	4.0000	
1071.0768	1070.6006	1075.4621	1081.9621	5.0000	1.4763	0.0000	0.8615	0.0000	1.0000	4.0000	6.5000	4.0000	
1073.4145	1073.0768	1077.8282	1084.3282	4.0000	1.3376	0.0000	0.7513	0.0000	1.0000	4.0000	6.5000	4.0000	
1075.8428	1075.4145	1080.5906	1087.0906	10.0000	1.4284	0.0000	1.1761	0.0000	1.0000	4.0000	6.5000	4.0000	
1077.9247	1077.8428	1082.3693	1088.8693	7.0000	1.0819	0.0000	0.5264	0.0000	1.0000	4.0000	6.5000	4.0000	
1080.2740	1079.9247	1084.7137	1091.2137	12.0000	1.3493	0.0000	0.7890	0.0000	1.0000	4.0000	6.5000	4.0000	
1083.4290	1082.2740	1087.2711	1093.7711	3.0000	2.1550	0.0000	0.9971	0.0000	1.0000	4.0000	6.5000	4.0000	
1085.9195	1085.4290	1091.6275	1098.1275	2.0000	1.4904	0.0000	2.1985	0.0000	1.0000	4.0000	6.5000	4.0000	
1088.1442	1087.9195	1093.4959	1099.9959	16.0000	1.2247	0.0000	1.5764	0.0000	1.0000	4.0000	6.5000	4.0000	
1090.6088	1090.1442	1095.2713	1101.7713	8.0000	1.4646	0.0000	1.1270	0.0000	1.0000	4.0000	6.5000	4.0000	
1093.1280	1092.6088	1097.4922	1103.9922	18.0000	1.5192	0.0000	0.8834	0.0000	1.0000	4.0000	6.5000	4.0000	
1096.1217	1095.1280	1099.7955	1106.2955	7.0000	1.9937	0.0000	0.6674	0.0000	1.0000	4.0000	6.5000	4.0000	
1099.8066	1098.1217	1102.7517	1109.2517	3.0000	2.6849	0.0000	0.6300	0.0000	1.0000	4.0000	6.5000	4.0000	
1102.5113	1101.8066	1106.6194	1113.1194	13.0000	1.7047	0.0000	0.8128	0.0000	1.0000	4.0000	6.5000	4.0000	
1104.5706	1104.5113	1109.6054	1116.1054	18.0000	1.0594	0.0000	1.0941	0.0000	1.0000	4.0000	6.5000	4.0000	
1107.1433	1106.5706	1111.2982	1117.7982	3.0000	1.5727	0.0000	0.7275	0.0000	1.0000	4.0000	6.5000	4.0000	
1109.1499	1109.1433	1114.2236	1120.7236	12.0000	1.0066	0.0000	1.0803	0.0000	1.0000	4.0000	6.5000	4.0000	
1111.2643	1111.1499	1115.7315	1122.2315	16.0000	1.1143	0.0000	0.5816	0.0000	1.0000	4.0000	6.5000	4.0000	
1113.5469	1113.2643	1118.0297	1124.5297	14.0000	1.2826	0.0000	0.7655	0.0000	1.0000	4.0000	6.5000	4.0000	
1116.0838	1115.5469	1121.1566	1127.6566	8.0000	1.5369	0.0000	1.6097	0.0000	1.0000	4.0000	6.5000	4.0000	
1118.4472	1118.0838	1122.7964	1129.2964	18.0000	1.3634	0.0000	0.7126	0.0000	1.0000	4.0000	6.5000	4.0000	
1121.4167	1120.4472	1124.9472	1131.4472	6.0000	1.9696	0.0000	0.5000	0.0000	1.0000	4.0000	6.5000	4.0000	
1124.8782	1123.4167	1128.3665	1134.8665	11.0000	2.4615	0.0000	0.9498	0.0000	1.0000	4.0000	6.5000	4.0000	
1127.8513	1126.8782	1132.1029	1138.6029	12.0000	1.9730	0.0000	1.2247	0.0000	1.0000	4.0000	6.5000	4.0000	
1131.0063	1129.8513	1134.4878	1140.9878	15.0000	2.1550	0.0000	0.6365	0.0000	1.0000	4.0000	6.5000	4.0000	
1137.0063	1133.0063	1138.1853	1144.6853	16.0000	5.0000	0.0000	1.1790	0.0000	1.0000	4.0000	6.5000	4.0000	
1139.1485	1139.0063	1146.1252	1152.6252	11.0000	1.1421	0.0000	3.1189	0.0000	1.0000	4.0000	6.5000	4.0000	
1141.4317	1141.1485	1146.2203	1152.7203	14.0000	1.2832	0.0000	1.0719	0.0000	1.0000	4.0000	6.5000	4.0000	
1143.6474	1143.4317	1147.9854	1154.4854	10.0000	1.2157	0.0000	0.5537	0.0000	1.0000	4.0000	6.5000	4.0000	
1145.8231	1145.6474	1150.5188	1157.0188	11.0000	1.1757	0.0000	0.8715	0.0000	1.0000	4.0000	6.5000	4.0000	
1148.1114	1147.8231	1152.4574	1158.9574	17.0000	1.2883	0.0000	0.6344	0.0000	1.0000	4.0000	6.5000	4.0000	
1150.1235	1150.1114	1154.7403	1161.2403	9.0000	1.0121	0.0000	0.6289	0.0000	1.0000	4.0000	6.5000	4.0000	
1152.6468	1152.1235	1157.1206	1163.6206	8.0000	1.5233	0.0000	0.9971	0.0000	1.0000	4.0000	6.5000	4.0000	
1154.7788	1154.6468	1159.3957	1165.8957	3.0000	1.1321	0.0000	0.7489	0.0000	1.0000	4.0000	6.5000	4.0000	
1156.8421	1156.7788	1161.5698	1168.0698	6.0000	1.0633	0.0000	0.7910	0.0000	1.0000	4.0000	6.5000	4.0000	
1159.2062	1158.8421	1163.6532	1170.1532	9.0000	1.3641	0.0000	0.8111	0.0000	1.0000	4.0000	6.5000	4.0000	
1162.2265	1161.2062	1167.7371	1174.2371	3.0000	2.0203	0.0000	2.5309	0.0000	1.0000	4.0000	6.5000	4.0000	
1164.4779	1164.2265	1170.3466	1176.8466	18.0000	1.2514	0.0000	2.1201	0.0000	1.0000	4.0000	6.5000	4.0000	
1167.2157	1166.4779	1171.1062	1177.6062	17.0000	1.7378	0.0000	0.6282	0.0000	1.0000	4.0000	6.5000	4.0000	
1169.9336	1169.2157	1173.8440	1180.3440	2.0000	1.7178	0.0000	0.6282	0.0000	1.0000	4.0000	6.5000	4.0000	
1172.3766	1171.9336	1176.6291	1183.1291	2.0000	1.4430	0.0000	0.6955	0.0000	1.0000	4.0000	6.5000	4.0000	
1174.5923	1174.3766	1180.4347	1186.9347	14.0000	1.2157	0.0000	2.0581	0.0000	1.0000	4.0000	6.5000	4.0000	
1176.7867	1176.5923	1181.4509	1187.9509	5.0000	1.1944	0.0000	0.8586	0.0000	1.0000	4.0000	6.5000	4.0000	
1179.2374	1178.7867	1184.1549	1190.6549	14.0000	1.4507	0.0000	1.3682	0.0000	1.0000	4.0000	6.5000	4.0000	
1181.8774	1181.2374	1185.9943	1192.4943	2.0000	1.6399	0.0000	0.7569	0.0000	1.0000	4.0000	6.5000	4.0000	
1183.9592	1183.8774	1188.6951	1195.1951	9.0000	1.0819	0.0000	0.8177	0.0000	1.0000	4.0000	6.5000	4.0000	
1187.2872	1185.9592	1190.9477	1197.4477	10.0000	2.3279	0.0000	0.9885	0.0000	1.0000	4.0000	6.5000	4.0000	
1189.5412	1189.2872	1193.8760	1200.3760	9.0000	1.2540	0.0000	0.5888	0.0000	1.0000	4.0000	6.5000	4.0000	
1191.8186	1191.5412	1196.3929	1202.8929	1.0000	1.2774	0.0000	0.8517	0.0000	1.0000	4.0000	6.5000	4.0000	
1194.3370	1193.8186	1198.6218	1205.1218	8.0000	1.5184	0.0000	0.8032	0.0000	1.0000	4.0000	6.5000	4.0000	
1197.4154	1196.3370	1201.1204	1207.6204	4.0000	2.0784	0.0000	0.7834	0.0000	1.0000	4.0000	6.5000	4.0000	
1199.6403	1199.4154	1204.2512	1210.7512	9.0000	1.2249	0.0000	0.8358	0.0000	1.0000	4.0000	6.5000	4.0000	
1202.4183	1201.6403	1206.8564	1213.3564	14.0000	1.7780	0.0000	1.2161	0.0000	1.0000	4.0000	6.5000	4.0000	
1205.7854	1204.4183	1209.4929	1215.9929	14.0000	2.3672	0.0000	1.0746	0.0000	1.0000	4.0000	6.5000	4.0000	
1209.5208	1207.7854	1212.7047	1219.2047	8.0000	2.7353	0.0000	0.9193	0.0000	1.0000	4.0000	6.5000	4.0000	
1212.2947	1211.5208	1216.1376	1222.6376	17.0000	1.7739	0.0000	0.6168	0.0000	1.0000	4.0000	6.5000	4.0000	
1215.1801	1214.2947	1218.9436	1225.4436	12.0000	1.8854	0.0000	0.6489	0.0000	1.0000	4.0000	6.5000	4.0000	
1217.7258	1217.1801	1222.2563	1228.7563	18.0000	1.5456	0.0000	1.0762	0.0000	1.0000	4.0000	6.5000	4.0000	
1220.5711	1219.7258	1225.3327	1231.8327	15.0000	1.8454	0.0000	1.6070	0.0000	1.0000	4.0000	6.5000	4.0000	
1222.7097	1222.5711	1227.0819	1233.5819	6.0000	1.1386	0.0000	0.5108	0.0000	1.0000	4.0000	6.5000	4.0000	
1225.1528	1224.7097	1229.6662	1236.1662	7.0000	1.4430	0.0000	0.9565	0.0000	1.0000	4.0000	6.5000	4.0000	
1230.6605	1227.1528	1232.0804	1238.5804	9.0000	4.5077	0.0000	0.9276	0.0000	1.0000	4.0000	6.5000	4.0000	
1234.0316	1232.6605	1238.1762	1244.6762	6.0000	2.3712	0.0000	1.5158	0.0000	1.0000	4.0000	6.5000	4.0000	
1236.7363	1236.0316	1240.5433	1247.0433	15.0000	1.7047	0.0000	0.5117	0.0000	1.0000	4.0000	6.5000	4.0000	
1239.0118	1238.7363	1243.5912	1250.0912	9.0000	1.2754	0.0000	0.8548	0.0000	1.0000	4.0000	6.5000	4.0000	
1241.3488	1241.0118	1245.5379	1252.0379	8.0000	1.3371	0.0000	0.5262	0.0000	1.0000	4.0000	6.5000	4.0000	
1244.3184	1243.3488	1247.9558	1254.4558	1.0000	1.9696	0.0000	0.6070	0.0000	1.0000	4.0000	6.5000	4.0000	
1246.8455	1246.3184	1250.8487	1257.3487	17.0000	1.5271	0.0000	0.5303	0.0000	1.0000	4.0000	6.5000	4.0000	
1249.4935	1248.8455	1253.4936	1259.9936	2.0000	1.6481	0.0000	0.6481	0.0000	1.0000	4.0000	6.5000	4.0000	
1252.2882	1251.4935	1257.0229	1263.5229	1.0000	1.7947	0.0000	1.5293	0.0000	1.0000	4.0000	6.5000	4.0000	
1254.6280	1254.2882	1258.8540	1265.3540	1.0000	1.3397	0.0000	0.5658	0.0000	1.0000	4.0000	6.5000	4.0000	
1257.7374	1256.6280	1261.4571	1267.9571	12.0000	2.1094	0.0000	0.8292	0.0000	1.0000	4.0000	6.5000	4.0000	
1260.3758	1259.7374	1264.4739	1270.9739	1.0000	1.6384	0.0000	0.7365	0.0000	1.0000	4.0000	6.5000	4.0000	
1265.4647	1262.3758	1267.6626	1274.1626	14.0000	4.0889	0.0000	1.2868	0.0000	1.0000	4.0000	6.5000	4.0000	
1267.8018	1267.4647	1272.1611	1278.6611	3.0000	1.3371	0.0000	0.6964	0.0000	1.0000	4.0000	6.5000	4.0000	
1269.9478	1269.8018	1274.6507	1281.1507	2.0000	1.1460	0.0000	0.8489	0.0000	1.0000	4.0000	6.5000	4.0000	
1273.0306	1271.9478	1276.9943	1283.4943	9.0000	2.0828	0.0000	1.0465	0.0000	1.0000	4.0000	6.5000	4.0000	
1276.0276	1275.0306	1279.9011	1286.4011	11.0000	1.9970	0.0000	0.8705	0.0000	1.0000	4.0000	6.5000	4.0000	
1281.9593	1278.0276	1283.3346	1289.8346	13.0000	4.9317	0.0000	1.3070	0.0000	1.0000	4.0000	6.5000	4.0000	
1284.3324	1283.9593	1289.0372	1295.5372	5.0000	1.3731	0.0000	1.0779	0.0000	1.0000	4.0000	6.5000	4.0000	
1288.2413	1286.3324	1292.4525	1298.9525	12.0000	2.9090	0.0000	2.1201	0.0000	1.0000	4.0000	6.5000	4.0000	
1291.9767	1290.2413	1295.5483	1302.0483	2.0000	2.7354	0.0000	1.3070	0.0000	1.0000	4.0000	6.5000	4.0000	
1294.6815	1293.9767	1298.7067	1305.2067	11.0000	1.7047	0.0000	0.7300	0.0000	1.0000	4.0000	6.5000	4.0000	
1296.9372	1296.6815	1301.6091	1308.1091	6.0000	1.2558	0.0000	0.9276	0.0000	1.0000	4.0000	6.5000	4.0000	
1299.9665	1298.9372	1303.6220	1310.1220	9.0000	2.0293	0.0000	0.6847	0.0000	1.0000	4.0000	6.5000	4.0000	
1302.3984	1301.9665	1306.4665	1312.9665	7.0000	1.4319	0.0000	0.5000	0.0000	1.0000	4.0000	6.5000	4.0000	
1304.7231	1304.3984	1309.1504	1315.6504	14.0000	1.3246	0.0000	0.7520	0.0000	1.0000	4.0000	6.5000	4.0000	
1306.9599	1306.7231	1311.7904	1318.2904	4.0000	1.2369	0.0000	1.0674	0.0000	1.0000	4.0000	6.5000	4.0000	
1309.5179	1308.9599	1313.5508	1320.0508	5.0000	1.5580	0.0000	0.5908	0.0000	1.0000	4.0000	6.5000	4.0000	
1315.0371	1311.5179	1318.4800	1324.9800	6.0000	4.5191	0.0000	2.9621	0.0000	1.0000	4.0000	6.5000	4.0000	
1317.0629	1317.0371	1322.1075	1328.6075	11.0000	1.0258	0.0000	1.0704	0.0000	1.0000	4.0000	6.5000	4.0000	
1319.9890	1319.0629	1323.7994	1330.2994	16.0000	1.9261	0.0000	0.7365	0.0000	1.0000	4.0000	6.5000	4.0000	
1324.1593	1321.9890	1326.8244	1333.3244	15.0000	3.1703	0.0000	0.8355	0.0000	1.0000	4.0000	6.5000	4.0000	
1328.3552	1326.1593	1330.7843	1337.2843	7.0000	3.1959	0.0000	0.6250	0.0000	1.0000	4.0000	6.5000	4.0000	
1330.8744	1330.3552	1335.0025	1341.5025	5.0000	1.5192	0.0000	0.6473	0.0000	1.0000	4.0000	6.5000	4.0000	
1333.5618	1332.8744	1337.5994	1344.0994	3.0000	1.6873	0.0000	0.7250	0.0000	1.0000	4.0000	6.5000	4.0000	
1336.5033	1335.5618	1340.1701	1346.6701	7.0000	1.9415	0.0000	0.6083	0.0000	1.0000	4.0000	6.5000	4.0000	
1339.2411	1338.5033	1343.3535	1349.8535	4.0000	1.7378	0.0000	0.8503	0.0000	1.0000	4.0000	6.5000	4.0000	
1342.5181	1341.2411	1345.7934	1352.2934	12.0000	2.2770	0.0000	0.5524	0.0000	1.0000	4.0000	6.5000	4.0000	
1344.8327	1344.5181	1349.3347	1355.8347	7.0000	1.3146	0.0000	0.8167	0.0000	1.0000	4.0000	6.5000	4.0000	
1347.2006	1346.8327	1351.5002	1358.0002	1.0000	1.3680	0.0000	0.6676	0.0000	1.0000	4.0000	6.5000	4.0000	
1349.3099	1349.2006	1353.9632	1360.4632	18.0000	1.1093	0.0000	0.7626	0.0000	1.0000	4.0000	6.5000	4.0000	
1351.8647	1351.3099	1356.1541	1362.6541	11.0000	1.5548	0.0000	0.8442	0.0000	1.0000	4.0000	6.5000	4.0000	
1354.6635	1353.8647	1359.0408	1365.5408	11.0000	1.7988	0.0000	1.1761	0.0000	1.0000	4.0000	6.5000	4.0000	
1358.2658	1356.6635	1361.2748	1367.7748	10.0000	2.6023	0.0000	0.6113	0.0000	1.0000	4.0000	6.5000	4.0000	
1361.3280	1360.2658	1364.7767	1371.2767	16.0000	2.0622	0.0000	0.5108	0.0000	1.0000	4.0000	6.5000	4.0000	
1363.7142	1363.3280	1368.1861	1374.6861	1.0000	1.3862	0.0000	0.8581	0.0000	1.0000	4.0000	6.5000	4.0000	
1366.7863	1365.7142	1370.8627	1377.3627	9.0000	2.0721	0.0000	1.1485	0.0000	1.0000	4.0000	6.5000	4.0000	
1368.9635	1368.7863	1373.4849	1379.9849	17.0000	1.1772	0.0000	0.6986	0.0000	1.0000	4.0000	6.5000	4.0000	
1371.3419	1370.9635	1375.9837	1382.4837	2.0000	1.3785	0.0000	1.0202	0.0000	1.0000	4.0000	6.5000	4.0000	
1374.1557	1373.3419	1377.8926	1384.3926	18.0000	1.8138	0.0000	0.5506	0.0000	1.0000	4.0000	6.5000	4.0000	
1376.6608	1376.1557	1382.0020	1388.5020	13.0000	1.5051	0.0000	1.8463	0.0000	1.0000	4.0000	6.5000	4.0000	
1378.8570	1378.6608	1383.2181	1389.7181	17.0000	1.1962	0.0000	0.5573	0.0000	1.0000	4.0000	6.5000	4.0000	
1383.6951	1380.8570	1385.7560	1392.2560	17.0000	3.8381	0.0000	0.8990	0.0000	1.0000	4.0000	6.5000	4.0000	
1386.6647	1385.6951	1391.0961	1397.5961	2.0000	1.9696	0.0000	1.4010	0.0000	1.0000	4.0000	6.5000	4.0000	
1389.3574	1388.6647	1393.5313	1400.0313	15.0000	1.6927	0.0000	0.8667	0.0000	1.0000	4.0000	6.5000	4.0000	
1392.2669	1391.3574	1396.1592	1402.6592	17.0000	1.9096	0.0000	0.8019	0.0000	1.0000	4.0000	6.5000	4.0000	
1394.6424	1394.2669	1398.7807	1405.2807	6.0000	1.3755	0.0000	0.5138	0.0000	1.0000	4.0000	6.5000	4.0000	
1397.6578	1396.6424	1401.3912	1407.8912	9.0000	2.0154	0.0000	0.7488	0.0000	1.0000	4.0000	6.5000	4.0000	
1400.1567	1399.6578	1404.8363	1411.3363	10.0000	1.4989	0.0000	1.1784	0.0000	1.0000	4.0000	6.5000	4.0000	
1402.4572	1402.1567	1406.7535	1413.2535	10.0000	1.3005	0.0000	0.5968	0.0000	1.0000	4.0000	6.5000	4.0000	
1405.4688	1404.4572	1409.0983	1415.5983	2.0000	2.0116	0.0000	0.6411	0.0000	1.0000	4.0000	6.5000	4.0000	
1407.8443	1407.4688	1413.5454	1420.0454	3.0000	1.3755	0.0000	2.0767	0.0000	1.0000	4.0000	6.5000	4.0000	
1410.2978	1409.8443	1414.3899	1420.8899	10.0000	1.4535	0.0000	0.5457	0.0000	1.0000	4.0000	6.5000	4.0000	
1412.6105	1412.2978	1416.8375	1423.3375	7.0000	1.3128	0.0000	0.5397	0.0000	1.0000	4.0000	6.5000	4.0000	
1417.1291	1414.6105	1419.2464	1425.7464	6.0000	3.5185	0.0000	0.6358	0.0000	1.0000	4.0000	6.5000	4.0000	
1419.4137	1419.1291	1424.1176	1430.6176	7.0000	1.2846	0.0000	0.9885	0.0000	1.0000	4.0000	6.5000	4.0000	
1422.0714	1421.4137	1426.8593	1433.3593	2.0000	1.6577	0.0000	1.4456	0.0000	1.0000	4.0000	6.5000	4.0000	
1424.5893	1424.0714	1428.8706	1435.3706	15.0000	1.5179	0.0000	0.7992	0.0000	1.0000	4.0000	6.5000	4.0000	
1428.2742	1426.5893	1431.4543	1437.9543	5.0000	2.6849	0.0000	0.8650	0.0000	1.0000	4.0000	6.5000	4.0000	
1430.9121	1430.2742	1434.9233	1441.4233	6.0000	1.6380	0.0000	0.6492	0.0000	1.0000	4.0000	6.5000	4.0000	
1434.7972	1432.9121	1437.5173	1444.0173	3.0000	2.8851	0.0000	0.6052	0.0000	1.0000	4.0000	6.5000	4.0000	
1437.0897	1436.7972	1441.5271	1448.0271	13.0000	1.2925	0.0000	0.7300	0.0000	1.0000	4.0000	6.5000	4.0000	
1439.5770	1439.0897	1444.3728	1450.8728	4.0000	1.4873	0.0000	1.2831	0.0000	1.0000	4.0000	6.5000	4.0000	
1441.6681	1441.5770	1446.6212	1453.1212	18.0000	1.0911	0.0000	1.0442	0.0000	1.0000	4.0000	6.5000	4.0000	
1444.2616	1443.6681	1448.3357	1454.8357	18.0000	1.5935	0.0000	0.6676	0.0000	1.0000	4.0000	6.5000	4.0000	
1446.3731	1446.2616	1450.8146	1457.3146	5.0000	1.1115	0.0000	0.5530	0.0000	1.0000	4.0000	6.5000	4.0000	
1449.0753	1448.3731	1454.3015	1460.8015	11.0000	1.7023	0.0000	1.9284	0.0000	1.0000	4.0000	6.5000	4.0000	
1451.4072	1451.0753	1455.6071	1462.1071	13.0000	1.3319	0.0000	0.5318	0.0000	1.0000	4.0000	6.5000	4.0000	
1456.7038	1453.4072	1458.1982	1464.6982	12.0000	4.2965	0.0000	0.7910	0.0000	1.0000	4.0000	6.5000	4.0000	
1459.9235	1458.7038	1463.3536	1469.8536	16.0000	2.2197	0.0000	0.6498	0.0000	1.0000	4.0000	6.5000	4.0000	
1463.2514	1461.9235	1466.5810	1473.0810	13.0000	2.3279	0.0000	0.6575	0.0000	1.0000	4.0000	6.5000	4.0000	
1465.3879	1465.2514	1470.0082	1476.5082	15.0000	1.1365	0.0000	0.7568	0.0000	1.0000	4.0000	6.5000	4.0000	
1468.0209	1467.3879	1471.9920	1478.4920	18.0000	1.6329	0.0000	0.6041	0.0000	1.0000	4.0000	6.5000	4.0000	
1470.4584	1470.0209	1474.5970	1481.0970	6.0000	1.4375	0.0000	0.5761	0.0000	1.0000	4.0000	6.5000	4.0000	
1472.8225	1472.4584	1477.5038	1484.0038	10.0000	1.3641	0.0000	1.0454	0.0000	1.0000	4.0000	6.5000	4.0000	
1475.5152	1474.8225	1479.6806	1486.1806	2.0000	1.6927	0.0000	0.8581	0.0000	1.0000	4.0000	6.5000	4.0000	
1478.5701	1477.5152	1482.2366	1488.7366	11.0000	2.0549	0.0000	0.7213	0.0000	1.0000	4.0000	6.5000	4.0000	
1483.3293	1480.5701	1485.0977	1491.5977	11.0000	3.7593	0.0000	0.5276	0.0000	1.0000	4.0000	6.5000	4.0000	
1485.3921	1485.3293	1489.9524	1496.4524	9.0000	1.0628	0.0000	0.6230	0.0000	1.0000	4.0000	6.5000	4.0000	
1489.9731	1487.3921	1492.6866	1499.1866	12.0000	3.5810	0.0000	1.2945	0.0000	1.0000	4.0000	6.5000	4.0000	
1492.4573	1491.9731	1497.4139	1503.9139	9.0000	1.4842	0.0000	1.4409	0.0000	1.0000	4.0000	6.5000	4.0000	
1494.7405	1494.4573	1500.5091	1507.0091	13.0000	1.2832	0.0000	2.0518	0.0000	1.0000	4.0000	6.5000	4.0000	
1496.8038	1496.7405	1502.0634	1508.5634	15.0000	1.0633	0.0000	1.3228	0.0000	1.0000	4.0000	6.5000	4.0000	
1499.8738	1498.8038	1503.5662	1510.0662	3.0000	2.0700	0.0000	0.7624	0.0000	1.0000	4.0000	6.5000	4.0000	
1503.2817	1501.8738	1506.4228	1512.9228	1.0000	2.4079	0.0000	0.5490	0.0000	1.0000	4.0000	6.5000	4.0000	
1505.4806	1505.2817	1509.9161	1516.4161	15.0000	1.1989	0.0000	0.6344	0.0000	1.0000	4.0000	6.5000	4.0000	
1507.5151	1507.4806	1512.5700	1519.0700	14.0000	1.0345	0.0000	1.0894	0.0000	1.0000	4.0000	6.5000	4.0000	
1509.7001	1509.5151	1514.1896	1520.6896	17.0000	1.1850	0.0000	0.6745	0.0000	1.0000	4.0000	6.5000	4.0000	
1511.9885	1511.7001	1516.4970	1522.9970	1.0000	1.2883	0.0000	0.7969	0.0000	1.0000	4.0000	6.5000	4.0000	
1514.1060	1513.9885	1519.2829	1525.7829	14.0000	1.1175	0.0000	1.2945	0.0000	1.0000	4.0000	6.5000	4.0000	
1516.1839	1516.1060	1521.2545	1527.7545	6.0000	1.0779	0.0000	1.1485	0.0000	1.0000	4.0000	6.5000	4.0000	
1518.2227	1518.1839	1522.7119	1529.2119	4.0000	1.0388	0.0000	0.5280	0.0000	1.0000	4.0000	6.5000	4.0000	
1520.4574	1520.2227	1525.6728	1532.1728	17.0000	1.2347	0.0000	1.4502	0.0000	1.0000	4.0000	6.5000	4.0000	
1523.4354	1522.4574	1527.5300	1534.0300	7.0000	1.9780	0.0000	1.0726	0.0000	1.0000	4.0000	6.5000	4.0000	
1526.0256	1525.4354	1530.1768	1536.6768	1.0000	1.5902	0.0000	0.7414	0.0000	1.0000	4.0000	6.5000	4.0000	
1528.4329	1528.0256	1532.9048	1539.4048	7.0000	1.4072	0.0000	0.8792	0.0000	1.0000	4.0000	6.5000	4.0000	
1530.7136	1530.4329	1535.6010	1542.1010	10.0000	1.2808	0.0000	1.1681	0.0000	1.0000	4.0000	6.5000	4.0000	
1532.8791	1532.7136	1537.3787	1543.8787	7.0000	1.1655	0.0000	0.6650	0.0000	1.0000	4.0000	6.5000	4.0000	
1535.3075	1534.8791	1539.6091	1546.1091	15.0000	1.4284	0.0000	0.7300	0.0000	1.0000	4.0000	6.5000	4.0000	
1537.6080	1537.3075	1542.6020	1549.1020	1.0000	1.3005	0.0000	1.2945	0.0000	1.0000	4.0000	6.5000	4.0000	
1541.3039	1539.6080	1544.7826	1551.2826	5.0000	2.6959	0.0000	1.1746	0.0000	1.0000	4.0000	6.5000	4.0000	
1544.5573	1543.3039	1548.5870	1555.0870	16.0000	2.2534	0.0000	1.2831	0.0000	1.0000	4.0000	6.5000	4.0000	
1550.0369	1546.5573	1551.1763	1557.6763	6.0000	4.4795	0.0000	0.6190	0.0000	1.0000	4.0000	6.5000	4.0000	
1552.3662	1552.0369	1556.5592	1563.0592	15.0000	1.3293	0.0000	0.5223	0.0000	1.0000	4.0000	6.5000	4.0000	
1556.1015	1554.3662	1559.9726	1566.4726	6.0000	2.7353	0.0000	1.6064	0.0000	1.0000	4.0000	6.5000	4.0000	
1558.9014	1558.1015	1563.2941	1569.7941	14.0000	1.7999	0.0000	1.1926	0.0000	1.0000	4.0000	6.5000	4.0000	
1562.7204	1560.9014	1566.0042	1572.5042	12.0000	2.8191	0.0000	1.1029	0.0000	1.0000	4.0000	6.5000	4.0000	
1566.5395	1564.7204	1572.5217	1579.0217	14.0000	2.8191	0.0000	3.8012	0.0000	1.0000	4.0000	6.5000	4.0000	
1568.9658	1568.5395	1574.6052	1581.1052	9.0000	1.4263	0.0000	2.0657	0.0000	1.0000	4.0000	6.5000	4.0000	
1573.2459	1570.9658	1576.2314	1582.7314	18.0000	3.2800	0.0000	1.2655	0.0000	1.0000	4.0000	6.5000	4.0000	
1575.7915	1575.2459	1579.8568	1586.3568	6.0000	1.5456	0.0000	0.6109	0.0000	1.0000	4.0000	6.5000	4.0000	
1581.7232	1577.7915	1582.7397	1589.2397	12.0000	4.9317	0.0000	0.9482	0.0000	1.0000	4.0000	6.5000	4.0000	
1584.0629	1583.7232	1588.4952	1594.9952	2.0000	1.3397	0.0000	0.7721	0.0000	1.0000	4.0000	6.5000	4.0000	
1589.9946	1586.0629	1590.9996	1597.4996	3.0000	4.9317	0.0000	0.9367	0.0000	1.0000	4.0000	6.5000	4.0000	
1592.1533	1591.9946	1596.9364	1603.4364	12.0000	1.1588	0.0000	0.9419	0.0000	1.0000	4.0000	6.5000	4.0000	
1594.3979	1594.1533	1599.2475	1605.7475	4.0000	1.2446	0.0000	1.0941	0.0000	1.0000	4.0000	6.5000	4.0000	
1600.0240	1596.3979	1601.2421	1607.7421	17.0000	4.6260	0.0000	0.8442	0.0000	1.0000	4.0000	6.5000	4.0000	
1604.1141	1602.0240	1606.7229	1613.2229	11.0000	3.0901	0.0000	0.6989	0.0000	1.0000	4.0000	6.5000	4.0000	
1606.5254	1606.1141	1610.8981	1617.3981	3.0000	1.4113	0.0000	0.7841	0.0000	1.0000	4.0000	6.5000	4.0000	
1611.6764	1608.5254	1613.1076	1619.6076	11.0000	4.1510	0.0000	0.5822	0.0000	1.0000	4.0000	6.5000	4.0000	
1616.7355	1613.6764	1618.5112	1625.0112	13.0000	4.0592	0.0000	0.8349	0.0000	1.0000	4.0000	6.5000	4.0000	
1620.9623	1618.7355	1623.5401	1630.0401	5.0000	3.2268	0.0000	0.8046	0.0000	1.0000	4.0000	6.5000	4.0000	
1624.3702	1622.9623	1629.1708	1635.6708	16.0000	2.4079	0.0000	2.2085	0.0000	1.0000	4.0000	6.5000	4.0000	
1629.2536	1626.3702	1631.3235	1637.8235	9.0000	3.8834	0.0000	0.9533	0.0000	1.0000	4.0000	6.5000	4.0000	
1634.3493	1631.2536	1637.5429	1644.0429	8.0000	4.0957	0.0000	2.2893	0.0000	1.0000	4.0000	6.5000	4.0000	
1636.9876	1636.3493	1642.1309	1648.6309	9.0000	1.6384	0.0000	1.7816	0.0000	1.0000	4.0000	6.5000	4.0000	
1639.7915	1638.9876	1643.6167	1650.1167	2.0000	1.8038	0.0000	0.6291	0.0000	1.0000	4.0000	6.5000	4.0000	
1642.3361	1641.7915	1646.9417	1653.4417	8.0000	1.5446	0.0000	1.1502	0.0000	1.0000	4.0000	6.5000	4.0000	
1644.5310	1644.3361	1649.0468	1655.5468	18.0000	1.1949	0.0000	0.7107	0.0000	1.0000	4.0000	6.5000	4.0000	
1646.7092	1646.5310	1652.5161	1659.0161	3.0000	1.1782	0.0000	1.9852	0.0000	1.0000	4.0000	6.5000	4.0000	
1651.8857	1648.7092	1653.2527	1659.7527	5.0000	4.1765	0.0000	0.5435	0.0000	1.0000	4.0000	6.5000	4.0000	
1654.1226	1653.8857	1658.4387	1664.9387	15.0000	1.2369	0.0000	0.5530	0.0000	1.0000	4.0000	6.5000	4.0000	
1656.8968	1656.1226	1661.1427	1667.6427	8.0000	1.7742	0.0000	1.0202	0.0000	1.0000	4.0000	6.5000	4.0000	
1659.2133	1658.8968	1663.5081	1670.0081	4.0000	1.3165	0.0000	0.6113	0.0000	1.0000	4.0000	6.5000	4.0000	
1662.5777	1661.2133	1665.8235	1672.3235	5.0000	2.3644	0.0000	0.6103	0.0000	1.0000	4.0000	6.5000	4.0000	
1664.6613	1664.5777	1669.2007	1675.7007	16.0000	1.0836	0.0000	0.6230	0.0000	1.0000	4.0000	6.5000	4.0000	
1667.0476	1666.6613	1671.4190	1677.9190	5.0000	1.3862	0.0000	0.7577	0.0000	1.0000	4.0000	6.5000	4.0000	
1670.6054	1669.0476	1673.6586	1680.1586	11.0000	2.5578	0.0000	0.6111	0.0000	1.0000	4.0000	6.5000	4.0000	
1672.9866	1672.6054	1677.4373	1683.9373	1.0000	1.3812	0.0000	0.8319	0.0000	1.0000	4.0000	6.5000	4.0000	
1675.4772	1674.9866	1679.6546	1686.1546	4.0000	1.4906	0.0000	0.6680	0.0000	1.0000	4.0000	6.5000	4.0000	
1677.6090	1677.4772	1682.4949	1688.9949	5.0000	1.1318	0.0000	1.0177	0.0000	1.0000	4.0000	6.5000	4.0000	
1679.7151	1679.6090	1685.5531	1692.0531	6.0000	1.1061	0.0000	1.9441	0.0000	1.0000	4.0000	6.5000	4.0000	
1683.0259	1681.7151	1686.2555	1692.7555	12.0000	2.3108	0.0000	0.5404	0.0000	1.0000	4.0000	6.5000	4.0000	
1689.0259	1685.0259	1689.6356	1696.1356	1.0000	5.0000	0.0000	0.6097	0.0000	1.0000	4.0000	6.5000	4.0000	
1691.5986	1691.0259	1695.6405	1702.1405	14.0000	1.5727	0.0000	0.6147	0.0000	1.0000	4.0000	6.5000	4.0000	
1694.9947	1693.5986	1698.4529	1704.9529	9.0000	2.3961	0.0000	0.8544	0.0000	1.0000	4.0000	6.5000	4.0000	
1697.4043	1696.9947	1701.8532	1708.3532	10.0000	1.4096	0.0000	0.8585	0.0000	1.0000	4.0000	6.5000	4.0000	
1699.6990	1699.4043	1704.4497	1710.9497	6.0000	1.2947	0.0000	1.0454	0.0000	1.0000	4.0000	6.5000	4.0000	
1702.7837	1701.6990	1706.8154	1713.3154	18.0000	2.0847	0.0000	1.1165	0.0000	1.0000	4.0000	6.5000	4.0000	
1706.8377	1704.7837	1709.4530	1715.9530	8.0000	3.0540	0.0000	0.6693	0.0000	1.0000	4.0000	6.5000	4.0000	
1709.1302	1708.8377	1713.9096	1720.4096	17.0000	1.2925	0.0000	1.0719	0.0000	1.0000	4.0000	6.5000	4.0000	
1714.6494	1711.1302	1717.2650	1723.7650	12.0000	4.5191	0.0000	2.1348	0.0000	1.0000	4.0000	6.5000	4.0000	
1717.2012	1716.6494	1721.5797	1728.0797	4.0000	1.5518	0.0000	0.9303	0.0000	1.0000	4.0000	6.5000	4.0000	
1719.6517	1719.2012	1724.8082	1731.3082	8.0000	1.4505	0.0000	1.6070	0.0000	1.0000	4.0000	6.5000	4.0000	
1722.1709	1721.6517	1729.2695	1735.7695	16.0000	1.5192	0.0000	3.6178	0.0000	1.0000	4.0000	6.5000	4.0000	
1726.0462	1724.1709	1728.8481	1735.3481	13.0000	2.8753	0.0000	0.6772	0.0000	1.0000	4.0000	6.5000	4.0000	
1728.0865	1728.0462	1732.9445	1739.4445	14.0000	1.0403	0.0000	0.8983	0.0000	1.0000	4.0000	6.5000	4.0000	
1730.8712	1730.0865	1735.2655	1741.7655	17.0000	1.7846	0.0000	1.1790	0.0000	1.0000	4.0000	6.5000	4.0000	
1732.9990	1732.8712	1738.7571	1745.2571	3.0000	1.1278	0.0000	1.8860	0.0000	1.0000	4.0000	6.5000	4.0000	
1737.1693	1734.9990	1739.7343	1746.2343	1.0000	3.1703	0.0000	0.7353	0.0000	1.0000	4.0000	6.5000	4.0000	
1740.0488	1739.1693	1744.2695	1750.7695	6.0000	1.8795	0.0000	1.1001	0.0000	1.0000	4.0000	6.5000	4.0000	
1742.9903	1742.0488	1747.4680	1753.9680	14.0000	1.9415	0.0000	1.4192	0.0000	1.0000	4.0000	6.5000	4.0000	
1745.0088	1744.9903	1749.7293	1756.2293	17.0000	1.0185	0.0000	0.7390	0.0000	1.0000	4.0000	6.5000	4.0000	
1751.0088	1747.0088	1752.1573	1758.6573	1.0000	5.0000	0.0000	1.1485	0.0000	1.0000	4.0000	6.5000	4.0000	
1753.1170	1753.0088	1758.0867	1764.5867	9.0000	1.1082	0.0000	1.0779	0.0000	1.0000	4.0000	6.5000	4.0000	
1756.8310	1755.1170	1759.9462	1766.4462	13.0000	2.7140	0.0000	0.8292	0.0000	1.0000	4.0000	6.5000	4.0000	
1762.7626	1758.8310	1763.9117	1770.4117	17.0000	4.9317	0.0000	1.0807	0.0000	1.0000	4.0000	6.5000	4.0000	
1765.6164	1764.7626	1769.3611	1775.8611	18.0000	1.8538	0.0000	0.5985	0.0000	1.0000	4.0000	6.5000	4.0000	
1771.6164	1767.6164	1772.1829	1778.6829	11.0000	5.0000	0.0000	0.5665	0.0000	1.0000	4.0000	6.5000	4.0000	
1774.2468	1773.6164	1778.6618	1785.1618	8.0000	1.6304	0.0000	1.0454	0.0000	1.0000	4.0000	6.5000	4.0000	
1776.9385	1776.2468	1780.9833	1787.4833	10.0000	1.6917	0.0000	0.7365	0.0000	1.0000	4.0000	6.5000	4.0000	
1780.1630	1778.9385	1783.6725	1790.1725	11.0000	2.2245	0.0000	0.7340	0.0000	1.0000	4.0000	6.5000	4.0000	
1782.1948	1782.1630	1789.1134	1795.6134	12.0000	1.0318	0.0000	2.9503	0.0000	1.0000	4.0000	6.5000	4.0000	
1784.2294	1784.1948	1789.8809	1796.3809	3.0000	1.0345	0.0000	1.6861	0.0000	1.0000	4.0000	6.5000	4.0000	
1787.1425	1786.2294	1790.9994	1797.4994	18.0000	1.9131	0.0000	0.7701	0.0000	1.0000	4.0000	6.5000	4.0000	
1789.8517	1789.1425	1794.1939	1800.6939	9.0000	1.7092	0.0000	1.0514	0.0000	1.0000	4.0000	6.5000	4.0000	
1792.2670	1791.8517	1796.5598	1803.0598	7.0000	1.4153	0.0000	0.7081	0.0000	1.0000	4.0000	6.5000	4.0000	
1794.7687	1794.2670	1798.9538	1805.4538	14.0000	1.5017	0.0000	0.6868	0.0000	1.0000	4.0000	6.5000	4.0000	
1796.8386	1796.7687	1801.5218	1808.0218	8.0000	1.0699	0.0000	0.7532	0.0000	1.0000	4.0000	6.5000	4.0000	
1799.6374	1798.8386	1803.6157	1810.1157	9.0000	1.7988	0.0000	0.7772	0.0000	1.0000	4.0000	6.5000	4.0000	
1802.1360	1801.6374	1806.1512	1812.6512	8.0000	1.4985	0.0000	0.5138	0.0000	1.0000	4.0000	6.5000	4.0000	
1804.3210	1804.1360	1808.8419	1815.3419	4.0000	1.1850	0.0000	0.7059	0.0000	1.0000	4.0000	6.5000	4.0000	
1809.3474	1806.3210	1811.4319	1817.9319	1.0000	4.0265	0.0000	1.1110	0.0000	1.0000	4.0000	6.5000	4.0000	
1811.4687	1811.3474	1817.2446	1823.7446	14.0000	1.1212	0.0000	1.8972	0.0000	1.0000	4.0000	6.5000	4.0000	
1813.4732	1813.4687	1818.1289	1824.6289	18.0000	1.0046	0.0000	0.6602	0.0000	1.0000	4.0000	6.5000	4.0000	
1816.5759	1815.4732	1819.9955	1826.4955	7.0000	2.1027	0.0000	0.5223	0.0000	1.0000	4.0000	6.5000	4.0000	
1818.5859	1818.5759	1824.5543	1831.0543	14.0000	1.0100	0.0000	1.9783	0.0000	1.0000	4.0000	6.5000	4.0000	
1820.6346	1820.5859	1825.8373	1832.3373	9.0000	1.0487	0.0000	1.2514	0.0000	1.0000	4.0000	6.5000	4.0000	
1824.2063	1822.6346	1827.1717	1833.6717	4.0000	2.5716	0.0000	0.5371	0.0000	1.0000	4.0000	6.5000	4.0000	
1826.4168	1826.2063	1830.9338	1837.4338	13.0000	1.2105	0.0000	0.7275	0.0000	1.0000	4.0000	6.5000	4.0000	
1829.2208	1828.4168	1832.9515	1839.4515	1.0000	1.8040	0.0000	0.5347	0.0000	1.0000	4.0000	6.5000	4.0000	
1834.3097	1831.2208	1836.0220	1842.5220	8.0000	4.0889	0.0000	0.8012	0.0000	1.0000	4.0000	6.5000	4.0000	
1837.0475	1836.3097	1841.0365	1847.5365	18.0000	1.7378	0.0000	0.7268	0.0000	1.0000	4.0000	6.5000	4.0000	
1839.7708	1839.0475	1843.6834	1850.1834	16.0000	1.7233	0.0000	0.6358	0.0000	1.0000	4.0000	6.5000	4.0000	
1842.0482	1841.7708	1846.6859	1853.1859	14.0000	1.2774	0.0000	0.9151	0.0000	1.0000	4.0000	6.5000	4.0000	
1844.3628	1844.0482	1848.9479	1855.4479	2.0000	1.3146	0.0000	0.8996	0.0000	1.0000	4.0000	6.5000	4.0000	
1847.5059	1846.3628	1851.0948	1857.5948	11.0000	2.1431	0.0000	0.7320	0.0000	1.0000	4.0000	6.5000	4.0000	
1849.7906	1849.5059	1854.3024	1860.8024	2.0000	1.2846	0.0000	0.7965	0.0000	1.0000	4.0000	6.5000	4.0000	
1852.1898	1851.7906	1856.4926	1862.9926	17.0000	1.3993	0.0000	0.7020	0.0000	1.0000	4.0000	6.5000	4.0000	
1857.4864	1854.1898	1859.7008	1866.2008	16.0000	4.2965	0.0000	1.5109	0.0000	1.0000	4.0000	6.5000	4.0000	
1859.8010	1859.4864	1864.4429	1870.9429	15.0000	1.3146	0.0000	0.9565	0.0000	1.0000	4.0000	6.5000	4.0000	
1862.9975	1861.8010	1866.5155	1873.0155	7.0000	2.1965	0.0000	0.7145	0.0000	1.0000	4.0000	6.5000	4.0000	
1868.1485	1864.9975	1869.6206	1876.1206	17.0000	4.1510	0.0000	0.6230	0.0000	1.0000	4.0000	6.5000	4.0000	
1872.3055	1870.1485	1874.7569	1881.2569	1.0000	3.1570	0.0000	0.6083	0.0000	1.0000	4.0000	6.5000	4.0000	
1877.9538	1874.3055	1882.6847	1889.1847	12.0000	4.6482	0.0000	4.3791	0.0000	1.0000	4.0000	6.5000	4.0000	
1882.1943	1879.9538	1884.4630	1890.9630	2.0000	3.2405	0.0000	0.5092	0.0000	1.0000	4.0000	6.5000	4.0000	
1884.6262	1884.1943	1891.4123	1897.9123	16.0000	1.4319	0.0000	3.2180	0.0000	1.0000	4.0000	6.5000	4.0000	
1887.1718	1886.6262	1891.4232	1897.9232	12.0000	1.5456	0.0000	0.7970	0.0000	1.0000	4.0000	6.5000	4.0000	
1889.6468	1889.1718	1896.3899	1902.8899	5.0000	1.4749	0.0000	3.2180	0.0000	1.0000	4.0000	6.5000	4.0000	
1892.1337	1891.6468	1896.5335	1903.0335	5.0000	1.4870	0.0000	0.8867	0.0000	1.0000	4.0000	6.5000	4.0000	
1895.5805	1894.1337	1898.9229	1905.4229	8.0000	2.4468	0.0000	0.7892	0.0000	1.0000	4.0000	6.5000	4.0000	
1898.0235	1897.5805	1902.9280	1909.4280	9.0000	1.4430	0.0000	1.3475	0.0000	1.0000	4.0000	6.5000	4.0000	
1900.6965	1900.0235	1905.4428	1911.9428	2.0000	1.6729	0.0000	1.4192	0.0000	1.0000	4.0000	6.5000	4.0000	
1903.0871	1902.6965	1907.2564	1913.7564	15.0000	1.3906	0.0000	0.5599	0.0000	1.0000	4.0000	6.5000	4.0000	
1905.5888	1905.0871	1909.6968	1916.1968	13.0000	1.5017	0.0000	0.6097	0.0000	1.0000	4.0000	6.5000	4.0000	
1908.5500	1907.5888	1912.1042	1918.6042	2.0000	1.9612	0.0000	0.5154	0.0000	1.0000	4.0000	6.5000	4.0000	
1910.9686	1910.5500	1915.1032	1921.6032	6.0000	1.4186	0.0000	0.5532	0.0000	1.0000	4.0000	6.5000	4.0000	
1913.3353	1912.9686	1917.7577	1924.2577	4.0000	1.3667	0.0000	0.7892	0.0000	1.0000	4.0000	6.5000	4.0000	
1915.8257	1915.3353	1919.9499	1926.4499	9.0000	1.4903	0.0000	0.6146	0.0000	1.0000	4.0000	6.5000	4.0000	

diary off
