print_matrix(best_design_struct.eventlist, best_design_struct.eventlist_names);
Event1 onset	Event2 onset	Event3 onset	Event4 onset	Trial type	ISI1	ISI2	ISI3	ISI4	Event1Dur	Event2Dur	Event3Dur	Event4Dur	
4.7646	1.0000	7.9715	14.4715	14.0000	4.7646	0.0000	2.9715	0.0000	1.0000	4.0000	6.5000	4.0000	
8.7586	6.7646	13.3956	19.8956	13.0000	2.9940	0.0000	2.6309	0.0000	1.0000	4.0000	6.5000	4.0000	
11.4221	10.7586	17.8733	24.3733	7.0000	1.6635	0.0000	3.1147	0.0000	1.0000	4.0000	6.5000	4.0000	
13.5435	13.4221	18.5948	25.0948	11.0000	1.1215	0.0000	1.1727	0.0000	1.0000	4.0000	6.5000	4.0000	
18.0206	15.5435	21.0950	27.5950	11.0000	3.4770	0.0000	1.5515	0.0000	1.0000	4.0000	6.5000	4.0000	
20.8066	20.0206	25.9048	32.4048	5.0000	1.7860	0.0000	1.8843	0.0000	1.0000	4.0000	6.5000	4.0000	
26.2744	22.8066	28.1017	34.6017	18.0000	4.4678	0.0000	1.2951	0.0000	1.0000	4.0000	6.5000	4.0000	
32.0739	28.2744	34.4726	40.9726	6.0000	4.7995	0.0000	2.1981	0.0000	1.0000	4.0000	6.5000	4.0000	
34.2732	34.0739	39.2633	45.7633	16.0000	1.1993	0.0000	1.1894	0.0000	1.0000	4.0000	6.5000	4.0000	
36.4928	36.2732	41.6818	48.1818	14.0000	1.2196	0.0000	1.4086	0.0000	1.0000	4.0000	6.5000	4.0000	
41.5859	38.4928	44.3856	50.8856	8.0000	4.0931	0.0000	1.8927	0.0000	1.0000	4.0000	6.5000	4.0000	
43.9244	43.5859	50.3154	56.8154	10.0000	1.3385	0.0000	2.7295	0.0000	1.0000	4.0000	6.5000	4.0000	
45.9730	45.9244	53.1986	59.6986	6.0000	1.0486	0.0000	3.2742	0.0000	1.0000	4.0000	6.5000	4.0000	
48.8857	47.9730	52.9787	59.4787	2.0000	1.9127	0.0000	1.0057	0.0000	1.0000	4.0000	6.5000	4.0000	
50.9473	50.8857	58.0004	64.5004	15.0000	1.0616	0.0000	3.1147	0.0000	1.0000	4.0000	6.5000	4.0000	
58.9552	52.9473	58.1281	64.6281	15.0000	7.0079	0.0000	1.1809	0.0000	1.0000	4.0000	6.5000	4.0000	
62.3660	60.9552	66.1280	72.6280	13.0000	2.4108	0.0000	1.1728	0.0000	1.0000	4.0000	6.5000	4.0000	
64.4001	64.3660	69.7826	76.2826	9.0000	1.0341	0.0000	1.4166	0.0000	1.0000	4.0000	6.5000	4.0000	
68.1052	66.4001	73.9730	80.4730	7.0000	2.7052	0.0000	3.5729	0.0000	1.0000	4.0000	6.5000	4.0000	
71.6870	70.1052	75.5575	82.0575	9.0000	2.5818	0.0000	1.4523	0.0000	1.0000	4.0000	6.5000	4.0000	
74.9198	73.6870	79.1113	85.6113	1.0000	2.2327	0.0000	1.4242	0.0000	1.0000	4.0000	6.5000	4.0000	
80.3992	76.9198	82.6852	89.1852	16.0000	4.4794	0.0000	1.7654	0.0000	1.0000	4.0000	6.5000	4.0000	
82.4011	82.3992	88.5235	95.0235	1.0000	1.0019	0.0000	2.1243	0.0000	1.0000	4.0000	6.5000	4.0000	
85.1392	84.4011	90.0348	96.5348	2.0000	1.7381	0.0000	1.6336	0.0000	1.0000	4.0000	6.5000	4.0000	
87.4264	87.1392	92.1956	98.6956	18.0000	1.2872	0.0000	1.0564	0.0000	1.0000	4.0000	6.5000	4.0000	
89.9769	89.4264	95.4779	101.9779	11.0000	1.5505	0.0000	2.0515	0.0000	1.0000	4.0000	6.5000	4.0000	
94.8748	91.9769	97.7064	104.2064	3.0000	3.8980	0.0000	1.7295	0.0000	1.0000	4.0000	6.5000	4.0000	
98.4353	96.8748	102.6043	109.1043	10.0000	2.5604	0.0000	1.7295	0.0000	1.0000	4.0000	6.5000	4.0000	
101.1287	100.4353	106.9255	113.4255	5.0000	1.6935	0.0000	2.4903	0.0000	1.0000	4.0000	6.5000	4.0000	
107.3350	103.1287	108.9338	115.4338	11.0000	5.2062	0.0000	1.8050	0.0000	1.0000	4.0000	6.5000	4.0000	
110.5214	109.3350	116.0302	122.5302	5.0000	2.1864	0.0000	2.6952	0.0000	1.0000	4.0000	6.5000	4.0000	
112.6429	112.5214	117.9682	124.4682	18.0000	1.1215	0.0000	1.4468	0.0000	1.0000	4.0000	6.5000	4.0000	
115.2996	114.6429	121.6210	128.1210	16.0000	1.6567	0.0000	2.9781	0.0000	1.0000	4.0000	6.5000	4.0000	
117.3236	117.2996	125.8205	132.3205	9.0000	1.0240	0.0000	4.5209	0.0000	1.0000	4.0000	6.5000	4.0000	
120.1516	119.3236	125.0952	131.5952	2.0000	1.8280	0.0000	1.7716	0.0000	1.0000	4.0000	6.5000	4.0000	
122.5652	122.1516	134.3242	140.8242	10.0000	1.4136	0.0000	8.1726	0.0000	1.0000	4.0000	6.5000	4.0000	
125.6632	124.5652	133.5917	140.0917	15.0000	2.0980	0.0000	5.0266	0.0000	1.0000	4.0000	6.5000	4.0000	
127.7768	127.6632	133.9916	140.4916	8.0000	1.1136	0.0000	2.3284	0.0000	1.0000	4.0000	6.5000	4.0000	
131.0912	129.7768	138.1033	144.6033	3.0000	2.3144	0.0000	4.3265	0.0000	1.0000	4.0000	6.5000	4.0000	
134.0499	133.0912	139.7105	146.2105	15.0000	1.9586	0.0000	2.6193	0.0000	1.0000	4.0000	6.5000	4.0000	
141.5901	136.0499	141.9368	148.4368	2.0000	6.5403	0.0000	1.8870	0.0000	1.0000	4.0000	6.5000	4.0000	
147.8598	143.5901	150.0038	156.5038	1.0000	5.2697	0.0000	2.4137	0.0000	1.0000	4.0000	6.5000	4.0000	
152.8724	149.8598	157.5505	164.0505	2.0000	4.0126	0.0000	3.6907	0.0000	1.0000	4.0000	6.5000	4.0000	
157.5144	154.8724	160.5414	167.0414	15.0000	3.6420	0.0000	1.6690	0.0000	1.0000	4.0000	6.5000	4.0000	
161.3939	159.5144	166.7800	173.2800	18.0000	2.8794	0.0000	3.2656	0.0000	1.0000	4.0000	6.5000	4.0000	
163.5451	163.3939	176.3939	182.8939	1.0000	1.1513	0.0000	9.0000	0.0000	1.0000	4.0000	6.5000	4.0000	
167.8419	165.5451	173.0765	179.5765	2.0000	3.2968	0.0000	3.5313	0.0000	1.0000	4.0000	6.5000	4.0000	
169.8672	169.8419	175.8444	182.3444	4.0000	1.0253	0.0000	2.0025	0.0000	1.0000	4.0000	6.5000	4.0000	
174.0549	171.8672	176.9426	183.4426	3.0000	3.1876	0.0000	1.0754	0.0000	1.0000	4.0000	6.5000	4.0000	
176.8106	176.0549	181.5627	188.0627	6.0000	1.7557	0.0000	1.5078	0.0000	1.0000	4.0000	6.5000	4.0000	
181.1061	178.8106	187.2116	193.7116	16.0000	3.2955	0.0000	4.4010	0.0000	1.0000	4.0000	6.5000	4.0000	
184.5207	183.1061	190.3716	196.8716	12.0000	2.4146	0.0000	3.2656	0.0000	1.0000	4.0000	6.5000	4.0000	
186.6352	186.5207	198.8746	205.3746	14.0000	1.1145	0.0000	8.3539	0.0000	1.0000	4.0000	6.5000	4.0000	
190.1398	188.6352	194.0875	200.5875	7.0000	2.5046	0.0000	1.4523	0.0000	1.0000	4.0000	6.5000	4.0000	
193.0080	192.1398	197.7963	204.2963	1.0000	1.8682	0.0000	1.6565	0.0000	1.0000	4.0000	6.5000	4.0000	
195.0176	195.0080	200.7534	207.2534	15.0000	1.0096	0.0000	1.7454	0.0000	1.0000	4.0000	6.5000	4.0000	
199.3197	197.0176	202.4875	208.9875	2.0000	3.3021	0.0000	1.4699	0.0000	1.0000	4.0000	6.5000	4.0000	
202.7846	201.3197	206.9174	213.4174	14.0000	2.4649	0.0000	1.5977	0.0000	1.0000	4.0000	6.5000	4.0000	
205.4413	204.7846	210.0141	216.5141	13.0000	1.6567	0.0000	1.2295	0.0000	1.0000	4.0000	6.5000	4.0000	
210.6549	207.4413	212.9928	219.4928	12.0000	4.2136	0.0000	1.5515	0.0000	1.0000	4.0000	6.5000	4.0000	
212.7180	212.6549	220.1712	226.6712	2.0000	1.0631	0.0000	3.5162	0.0000	1.0000	4.0000	6.5000	4.0000	
215.2598	214.7180	219.7221	226.2221	9.0000	1.5418	0.0000	1.0041	0.0000	1.0000	4.0000	6.5000	4.0000	
218.8393	217.2598	222.6204	229.1204	13.0000	2.5795	0.0000	1.3606	0.0000	1.0000	4.0000	6.5000	4.0000	
221.5774	220.8393	226.3092	232.8092	17.0000	1.7381	0.0000	1.4699	0.0000	1.0000	4.0000	6.5000	4.0000	
223.7343	223.5774	228.7752	235.2752	8.0000	1.1569	0.0000	1.1978	0.0000	1.0000	4.0000	6.5000	4.0000	
226.2078	225.7343	231.1569	237.6569	8.0000	1.4735	0.0000	1.4226	0.0000	1.0000	4.0000	6.5000	4.0000	
228.4870	228.2078	233.7969	240.2969	17.0000	1.2792	0.0000	1.5891	0.0000	1.0000	4.0000	6.5000	4.0000	
230.5845	230.4870	235.6033	242.1033	9.0000	1.0975	0.0000	1.1163	0.0000	1.0000	4.0000	6.5000	4.0000	
233.4120	232.5845	239.5137	246.0137	15.0000	1.8275	0.0000	2.9292	0.0000	1.0000	4.0000	6.5000	4.0000	
240.5669	235.4120	241.7844	248.2844	3.0000	6.1549	0.0000	2.3724	0.0000	1.0000	4.0000	6.5000	4.0000	
243.2269	242.5669	249.5163	256.0163	9.0000	1.6600	0.0000	2.9494	0.0000	1.0000	4.0000	6.5000	4.0000	
246.7874	245.2269	252.9401	259.4401	18.0000	2.5604	0.0000	3.7132	0.0000	1.0000	4.0000	6.5000	4.0000	
248.9088	248.7874	254.0824	260.5824	2.0000	1.1215	0.0000	1.2951	0.0000	1.0000	4.0000	6.5000	4.0000	
256.8529	250.9088	257.7747	264.2747	16.0000	6.9440	0.0000	2.8658	0.0000	1.0000	4.0000	6.5000	4.0000	
259.9322	258.8529	264.5621	271.0621	12.0000	2.0794	0.0000	1.7092	0.0000	1.0000	4.0000	6.5000	4.0000	
263.8214	261.9322	269.4496	275.9496	4.0000	2.8892	0.0000	3.5174	0.0000	1.0000	4.0000	6.5000	4.0000	
267.2089	265.8214	270.8575	277.3575	13.0000	2.3875	0.0000	1.0360	0.0000	1.0000	4.0000	6.5000	4.0000	
272.2898	269.2089	276.2790	282.7790	15.0000	4.0809	0.0000	3.0700	0.0000	1.0000	4.0000	6.5000	4.0000	
276.7243	274.2898	279.9768	286.4768	17.0000	3.4345	0.0000	1.6870	0.0000	1.0000	4.0000	6.5000	4.0000	
280.5873	278.7243	285.8764	292.3764	15.0000	2.8630	0.0000	3.1521	0.0000	1.0000	4.0000	6.5000	4.0000	
283.7129	282.5873	291.2219	297.7219	18.0000	2.1256	0.0000	4.6345	0.0000	1.0000	4.0000	6.5000	4.0000	
285.9481	285.7129	291.1485	297.6485	16.0000	1.2352	0.0000	1.4356	0.0000	1.0000	4.0000	6.5000	4.0000	
290.9577	287.9481	293.6568	300.1568	14.0000	4.0096	0.0000	1.7086	0.0000	1.0000	4.0000	6.5000	4.0000	
293.9676	292.9577	297.9618	304.4618	18.0000	2.0098	0.0000	1.0041	0.0000	1.0000	4.0000	6.5000	4.0000	
297.6727	295.9676	306.4657	312.9657	1.0000	2.7052	0.0000	6.4982	0.0000	1.0000	4.0000	6.5000	4.0000	
302.6393	299.6727	306.3056	312.8056	2.0000	3.9666	0.0000	2.6328	0.0000	1.0000	4.0000	6.5000	4.0000	
307.3653	304.6393	311.1367	317.6367	5.0000	3.7259	0.0000	2.4974	0.0000	1.0000	4.0000	6.5000	4.0000	
310.1577	309.3653	315.8940	322.3940	3.0000	1.7925	0.0000	2.5288	0.0000	1.0000	4.0000	6.5000	4.0000	
315.6816	312.1577	318.8807	325.3807	4.0000	4.5239	0.0000	2.7230	0.0000	1.0000	4.0000	6.5000	4.0000	
318.0987	317.6816	322.7786	329.2786	16.0000	1.4171	0.0000	1.0970	0.0000	1.0000	4.0000	6.5000	4.0000	
321.9801	320.0987	325.4607	331.9607	16.0000	2.8814	0.0000	1.3620	0.0000	1.0000	4.0000	6.5000	4.0000	
324.4295	323.9801	332.1969	338.6969	8.0000	1.4493	0.0000	4.2168	0.0000	1.0000	4.0000	6.5000	4.0000	
334.4295	326.4295	339.4295	345.9295	17.0000	9.0000	0.0000	9.0000	0.0000	1.0000	4.0000	6.5000	4.0000	
339.9354	336.4295	346.4359	352.9359	3.0000	4.5059	0.0000	6.0064	0.0000	1.0000	4.0000	6.5000	4.0000	
343.4475	341.9354	347.2423	353.7423	3.0000	2.5121	0.0000	1.3070	0.0000	1.0000	4.0000	6.5000	4.0000	
352.7091	345.4475	351.7024	358.2024	17.0000	8.2616	0.0000	2.2550	0.0000	1.0000	4.0000	6.5000	4.0000	
356.7841	354.7091	360.2599	366.7599	12.0000	3.0750	0.0000	1.5508	0.0000	1.0000	4.0000	6.5000	4.0000	
360.9552	358.7841	364.8973	371.3973	2.0000	3.1711	0.0000	2.1133	0.0000	1.0000	4.0000	6.5000	4.0000	
363.2957	362.9552	368.2523	374.7523	12.0000	1.3406	0.0000	1.2972	0.0000	1.0000	4.0000	6.5000	4.0000	
365.5438	365.2957	371.0932	377.5932	7.0000	1.2481	0.0000	1.7975	0.0000	1.0000	4.0000	6.5000	4.0000	
373.6463	367.5438	372.8704	379.3704	8.0000	7.1026	0.0000	1.3266	0.0000	1.0000	4.0000	6.5000	4.0000	
377.7652	375.6463	380.7671	387.2671	16.0000	3.1189	0.0000	1.1208	0.0000	1.0000	4.0000	6.5000	4.0000	
382.3550	379.7652	385.5703	392.0703	17.0000	3.5897	0.0000	1.8050	0.0000	1.0000	4.0000	6.5000	4.0000	
387.1310	384.3550	391.3848	397.8848	7.0000	3.7761	0.0000	3.0298	0.0000	1.0000	4.0000	6.5000	4.0000	
390.0026	389.1310	394.5322	401.0322	3.0000	1.8716	0.0000	1.4012	0.0000	1.0000	4.0000	6.5000	4.0000	
392.6274	392.0026	398.0593	404.5593	3.0000	1.6248	0.0000	2.0567	0.0000	1.0000	4.0000	6.5000	4.0000	
401.1067	394.6274	400.0741	406.5741	14.0000	7.4793	0.0000	1.4466	0.0000	1.0000	4.0000	6.5000	4.0000	
403.3148	403.1067	410.5520	417.0520	13.0000	1.2080	0.0000	3.4452	0.0000	1.0000	4.0000	6.5000	4.0000	
407.5814	405.3148	410.4762	416.9762	14.0000	3.2666	0.0000	1.1614	0.0000	1.0000	4.0000	6.5000	4.0000	
410.0413	409.5814	417.6613	424.1613	14.0000	1.4599	0.0000	4.0799	0.0000	1.0000	4.0000	6.5000	4.0000	
413.5099	412.0413	418.0047	424.5047	18.0000	2.4686	0.0000	1.9634	0.0000	1.0000	4.0000	6.5000	4.0000	
415.5388	415.5099	421.5614	428.0614	3.0000	1.0289	0.0000	2.0515	0.0000	1.0000	4.0000	6.5000	4.0000	
418.4513	417.5388	423.9220	430.4220	14.0000	1.9124	0.0000	2.3832	0.0000	1.0000	4.0000	6.5000	4.0000	
422.5032	420.4513	426.6081	433.1081	12.0000	3.0519	0.0000	2.1569	0.0000	1.0000	4.0000	6.5000	4.0000	
425.9559	424.5032	429.6831	436.1831	7.0000	2.4527	0.0000	1.1799	0.0000	1.0000	4.0000	6.5000	4.0000	
428.3248	427.9559	435.6466	442.1466	14.0000	1.3689	0.0000	3.6907	0.0000	1.0000	4.0000	6.5000	4.0000	
433.1589	430.3248	435.5530	442.0530	4.0000	3.8341	0.0000	1.2282	0.0000	1.0000	4.0000	6.5000	4.0000	
436.7407	435.1589	444.3646	450.8646	4.0000	2.5818	0.0000	5.2057	0.0000	1.0000	4.0000	6.5000	4.0000	
440.8157	438.7407	443.9499	450.4499	6.0000	3.0750	0.0000	1.2092	0.0000	1.0000	4.0000	6.5000	4.0000	
445.5073	442.8157	448.4580	454.9580	10.0000	3.6916	0.0000	1.6424	0.0000	1.0000	4.0000	6.5000	4.0000	
447.7088	447.5073	453.8164	460.3164	7.0000	1.2015	0.0000	2.3091	0.0000	1.0000	4.0000	6.5000	4.0000	
449.8649	449.7088	455.7852	462.2852	12.0000	1.1561	0.0000	2.0763	0.0000	1.0000	4.0000	6.5000	4.0000	
452.8261	451.8649	457.1646	463.6646	3.0000	1.9613	0.0000	1.2997	0.0000	1.0000	4.0000	6.5000	4.0000	
456.4736	454.8261	460.9789	467.4789	17.0000	2.6474	0.0000	2.1528	0.0000	1.0000	4.0000	6.5000	4.0000	
462.4710	458.4736	463.6689	470.1689	1.0000	4.9974	0.0000	1.1953	0.0000	1.0000	4.0000	6.5000	4.0000	
470.0756	464.4710	469.8578	476.3578	11.0000	6.6046	0.0000	1.3868	0.0000	1.0000	4.0000	6.5000	4.0000	
475.8660	472.0756	479.0915	485.5915	1.0000	4.7904	0.0000	3.0159	0.0000	1.0000	4.0000	6.5000	4.0000	
478.1886	477.8660	482.9102	489.4102	6.0000	1.3226	0.0000	1.0442	0.0000	1.0000	4.0000	6.5000	4.0000	
483.2737	480.1886	485.5295	492.0295	13.0000	4.0851	0.0000	1.3410	0.0000	1.0000	4.0000	6.5000	4.0000	
492.6908	485.2737	491.6598	498.1598	9.0000	8.4172	0.0000	2.3861	0.0000	1.0000	4.0000	6.5000	4.0000	
495.1921	494.6908	502.0944	508.5944	16.0000	1.5012	0.0000	3.4035	0.0000	1.0000	4.0000	6.5000	4.0000	
505.1921	497.1921	503.7856	510.2856	15.0000	9.0000	0.0000	2.5936	0.0000	1.0000	4.0000	6.5000	4.0000	
508.3602	507.1921	513.2925	519.7925	11.0000	2.1681	0.0000	2.1004	0.0000	1.0000	4.0000	6.5000	4.0000	
514.5664	510.3602	517.8889	524.3889	15.0000	5.2062	0.0000	3.5287	0.0000	1.0000	4.0000	6.5000	4.0000	
516.6003	516.5664	522.6834	529.1834	14.0000	1.0339	0.0000	2.1170	0.0000	1.0000	4.0000	6.5000	4.0000	
519.2922	518.6003	523.8188	530.3188	5.0000	1.6919	0.0000	1.2185	0.0000	1.0000	4.0000	6.5000	4.0000	
521.3262	521.2922	534.2922	540.7922	1.0000	1.0339	0.0000	9.0000	0.0000	1.0000	4.0000	6.5000	4.0000	
523.7317	523.3262	533.4807	539.9807	14.0000	1.4055	0.0000	6.1545	0.0000	1.0000	4.0000	6.5000	4.0000	
527.8595	525.7317	532.4612	538.9612	15.0000	3.1277	0.0000	2.7295	0.0000	1.0000	4.0000	6.5000	4.0000	
531.2052	529.8595	535.9531	542.4531	15.0000	2.3457	0.0000	2.0936	0.0000	1.0000	4.0000	6.5000	4.0000	
533.7374	533.2052	539.4603	545.9603	18.0000	1.5322	0.0000	2.2551	0.0000	1.0000	4.0000	6.5000	4.0000	
536.8599	535.7374	541.8178	548.3178	10.0000	2.1225	0.0000	2.0804	0.0000	1.0000	4.0000	6.5000	4.0000	
544.3055	538.8599	547.1202	553.6202	1.0000	6.4456	0.0000	4.2603	0.0000	1.0000	4.0000	6.5000	4.0000	
547.1772	546.3055	552.9097	559.4097	5.0000	1.8716	0.0000	2.6042	0.0000	1.0000	4.0000	6.5000	4.0000	
549.5214	549.1772	554.7848	561.2848	16.0000	1.3442	0.0000	1.6077	0.0000	1.0000	4.0000	6.5000	4.0000	
552.1045	551.5214	557.9447	564.4447	10.0000	1.5831	0.0000	2.4233	0.0000	1.0000	4.0000	6.5000	4.0000	
554.3223	554.1045	559.9193	566.4193	2.0000	1.2178	0.0000	1.8149	0.0000	1.0000	4.0000	6.5000	4.0000	
556.7155	556.3223	561.5168	568.0168	2.0000	1.3933	0.0000	1.1945	0.0000	1.0000	4.0000	6.5000	4.0000	
559.3159	558.7155	564.1862	570.6862	6.0000	1.6003	0.0000	1.4707	0.0000	1.0000	4.0000	6.5000	4.0000	
561.8576	561.3159	566.7244	573.2244	1.0000	1.5418	0.0000	1.4086	0.0000	1.0000	4.0000	6.5000	4.0000	
565.8647	563.8576	570.3125	576.8125	13.0000	3.0071	0.0000	2.4549	0.0000	1.0000	4.0000	6.5000	4.0000	
568.5503	567.8647	576.9048	583.4048	6.0000	1.6856	0.0000	5.0401	0.0000	1.0000	4.0000	6.5000	4.0000	
571.2423	570.5503	576.2992	582.7992	17.0000	1.6919	0.0000	1.7488	0.0000	1.0000	4.0000	6.5000	4.0000	
579.3788	573.2423	578.4515	584.9515	8.0000	7.1366	0.0000	1.2092	0.0000	1.0000	4.0000	6.5000	4.0000	
582.1830	581.3788	587.8627	594.3627	18.0000	1.8041	0.0000	2.4838	0.0000	1.0000	4.0000	6.5000	4.0000	
584.4809	584.1830	590.6590	597.1590	9.0000	1.2979	0.0000	2.4761	0.0000	1.0000	4.0000	6.5000	4.0000	
588.8201	586.4809	591.5406	598.0406	8.0000	3.3392	0.0000	1.0597	0.0000	1.0000	4.0000	6.5000	4.0000	
593.6535	590.8201	596.7044	603.2044	3.0000	3.8334	0.0000	1.8843	0.0000	1.0000	4.0000	6.5000	4.0000	
603.4761	595.6535	601.4345	607.9345	11.0000	8.8226	0.0000	1.7810	0.0000	1.0000	4.0000	6.5000	4.0000	
606.2225	605.4761	611.1909	617.6909	11.0000	1.7464	0.0000	1.7148	0.0000	1.0000	4.0000	6.5000	4.0000	
608.7950	608.2225	614.1068	620.6068	14.0000	1.5726	0.0000	1.8843	0.0000	1.0000	4.0000	6.5000	4.0000	
611.1496	610.7950	615.9480	622.4480	9.0000	1.3545	0.0000	1.1529	0.0000	1.0000	4.0000	6.5000	4.0000	
615.3028	613.1496	618.5722	625.0722	9.0000	3.1532	0.0000	1.4226	0.0000	1.0000	4.0000	6.5000	4.0000	
618.7179	617.3028	625.6278	632.1278	2.0000	2.4151	0.0000	4.3251	0.0000	1.0000	4.0000	6.5000	4.0000	
624.9316	620.7179	626.4633	632.9633	13.0000	5.2137	0.0000	1.7454	0.0000	1.0000	4.0000	6.5000	4.0000	
628.3191	626.9316	632.6000	639.1000	14.0000	2.3875	0.0000	1.6684	0.0000	1.0000	4.0000	6.5000	4.0000	
631.3173	630.3191	636.4543	642.9543	7.0000	1.9982	0.0000	2.1352	0.0000	1.0000	4.0000	6.5000	4.0000	
636.0933	633.3173	643.0352	649.5352	13.0000	3.7761	0.0000	5.7179	0.0000	1.0000	4.0000	6.5000	4.0000	
638.4002	638.0933	643.8668	650.3668	5.0000	1.3069	0.0000	1.7734	0.0000	1.0000	4.0000	6.5000	4.0000	
641.3021	640.4002	645.4720	651.9720	10.0000	1.9019	0.0000	1.0717	0.0000	1.0000	4.0000	6.5000	4.0000	
643.6566	643.3021	649.0317	655.5317	11.0000	1.3545	0.0000	1.7297	0.0000	1.0000	4.0000	6.5000	4.0000	
646.1614	645.6566	652.2914	658.7914	2.0000	1.5048	0.0000	2.6348	0.0000	1.0000	4.0000	6.5000	4.0000	
648.2740	648.1614	655.2298	661.7298	5.0000	1.1126	0.0000	3.0684	0.0000	1.0000	4.0000	6.5000	4.0000	
650.3650	650.2740	656.4309	662.9309	10.0000	1.0910	0.0000	2.1569	0.0000	1.0000	4.0000	6.5000	4.0000	
652.3939	652.3650	658.0232	664.5232	17.0000	1.0289	0.0000	1.6582	0.0000	1.0000	4.0000	6.5000	4.0000	
662.3939	654.3939	659.7559	666.2559	10.0000	9.0000	0.0000	1.3619	0.0000	1.0000	4.0000	6.5000	4.0000	
665.9562	664.3939	670.7292	677.2292	9.0000	2.5623	0.0000	2.3353	0.0000	1.0000	4.0000	6.5000	4.0000	
667.9802	667.9562	674.2176	680.7176	7.0000	1.0240	0.0000	2.2614	0.0000	1.0000	4.0000	6.5000	4.0000	
677.8029	669.9802	676.4032	682.9032	17.0000	8.8226	0.0000	2.4230	0.0000	1.0000	4.0000	6.5000	4.0000	
680.2932	679.8029	685.1649	691.6649	12.0000	1.4904	0.0000	1.3620	0.0000	1.0000	4.0000	6.5000	4.0000	
685.7790	682.2932	689.1548	695.6548	8.0000	4.4857	0.0000	2.8615	0.0000	1.0000	4.0000	6.5000	4.0000	
688.3364	687.7790	695.9906	702.4906	7.0000	1.5574	0.0000	4.2116	0.0000	1.0000	4.0000	6.5000	4.0000	
690.6282	690.3364	697.5510	704.0510	2.0000	1.2918	0.0000	3.2146	0.0000	1.0000	4.0000	6.5000	4.0000	
693.0345	692.6282	698.2477	704.7477	1.0000	1.4063	0.0000	1.6195	0.0000	1.0000	4.0000	6.5000	4.0000	
695.5713	695.0345	701.2009	707.7009	4.0000	1.5368	0.0000	2.1664	0.0000	1.0000	4.0000	6.5000	4.0000	
698.5933	697.5713	705.0536	711.5536	11.0000	2.0221	0.0000	3.4824	0.0000	1.0000	4.0000	6.5000	4.0000	
701.2904	700.5933	705.8930	712.3930	8.0000	1.6970	0.0000	1.2997	0.0000	1.0000	4.0000	6.5000	4.0000	
704.0038	703.2904	713.9188	720.4188	14.0000	1.7135	0.0000	6.6284	0.0000	1.0000	4.0000	6.5000	4.0000	
711.6783	706.0038	711.1890	717.6890	9.0000	6.6744	0.0000	1.1852	0.0000	1.0000	4.0000	6.5000	4.0000	
716.1370	713.6783	722.0952	728.5952	12.0000	3.4588	0.0000	4.4169	0.0000	1.0000	4.0000	6.5000	4.0000	
718.7993	718.1370	724.5846	731.0846	16.0000	1.6622	0.0000	2.4476	0.0000	1.0000	4.0000	6.5000	4.0000	
722.2357	720.7993	727.5310	734.0310	13.0000	2.4365	0.0000	2.7318	0.0000	1.0000	4.0000	6.5000	4.0000	
724.4305	724.2357	732.5704	739.0704	3.0000	1.1948	0.0000	4.3347	0.0000	1.0000	4.0000	6.5000	4.0000	
727.0374	726.4305	733.3465	739.8465	4.0000	1.6069	0.0000	2.9160	0.0000	1.0000	4.0000	6.5000	4.0000	
729.7340	729.0374	741.4466	747.9466	3.0000	1.6965	0.0000	8.4092	0.0000	1.0000	4.0000	6.5000	4.0000	
732.6358	731.7340	738.7121	745.2121	8.0000	1.9019	0.0000	2.9781	0.0000	1.0000	4.0000	6.5000	4.0000	
737.2113	734.6358	740.1929	746.6929	17.0000	3.5755	0.0000	1.5571	0.0000	1.0000	4.0000	6.5000	4.0000	
745.0584	739.2113	744.8972	751.3972	3.0000	6.8470	0.0000	1.6859	0.0000	1.0000	4.0000	6.5000	4.0000	
748.1155	747.0584	752.4750	758.9750	2.0000	2.0571	0.0000	1.4166	0.0000	1.0000	4.0000	6.5000	4.0000	
750.6357	750.1155	756.3345	762.8345	2.0000	1.5202	0.0000	2.2190	0.0000	1.0000	4.0000	6.5000	4.0000	
754.2693	752.6357	762.2204	768.7204	11.0000	2.6336	0.0000	5.5847	0.0000	1.0000	4.0000	6.5000	4.0000	
757.5837	756.2693	765.6633	772.1633	4.0000	2.3144	0.0000	5.3940	0.0000	1.0000	4.0000	6.5000	4.0000	
760.1738	759.5837	764.5945	771.0945	6.0000	1.5901	0.0000	1.0109	0.0000	1.0000	4.0000	6.5000	4.0000	
762.6256	762.1738	768.6749	775.1749	9.0000	1.4518	0.0000	2.5012	0.0000	1.0000	4.0000	6.5000	4.0000	
764.8336	764.6256	770.7128	777.2128	12.0000	1.2080	0.0000	2.0872	0.0000	1.0000	4.0000	6.5000	4.0000	
768.4369	766.8336	772.7785	779.2785	16.0000	2.6033	0.0000	1.9448	0.0000	1.0000	4.0000	6.5000	4.0000	
771.6798	770.4369	775.6184	782.1184	11.0000	2.2429	0.0000	1.1815	0.0000	1.0000	4.0000	6.5000	4.0000	
775.8184	773.6798	781.1960	787.6960	1.0000	3.1386	0.0000	3.5162	0.0000	1.0000	4.0000	6.5000	4.0000	
780.8280	777.8184	784.2613	790.7613	13.0000	4.0096	0.0000	2.4429	0.0000	1.0000	4.0000	6.5000	4.0000	
783.5510	782.8280	787.8456	794.3456	4.0000	1.7230	0.0000	1.0176	0.0000	1.0000	4.0000	6.5000	4.0000	
786.0558	785.5510	793.2642	799.7642	15.0000	1.5048	0.0000	3.7132	0.0000	1.0000	4.0000	6.5000	4.0000	
788.8099	788.0558	794.4390	800.9390	5.0000	1.7541	0.0000	2.3832	0.0000	1.0000	4.0000	6.5000	4.0000	
790.9612	790.8099	798.3568	804.8568	5.0000	1.1513	0.0000	3.5469	0.0000	1.0000	4.0000	6.5000	4.0000	
793.7473	792.9612	800.5365	807.0365	17.0000	1.7860	0.0000	3.5753	0.0000	1.0000	4.0000	6.5000	4.0000	
797.0616	795.7473	801.2179	807.7179	14.0000	2.3144	0.0000	1.4707	0.0000	1.0000	4.0000	6.5000	4.0000	
805.1642	799.0616	806.0507	812.5507	5.0000	7.1026	0.0000	2.9890	0.0000	1.0000	4.0000	6.5000	4.0000	
810.9440	807.1642	813.5875	820.0875	6.0000	4.7798	0.0000	2.4233	0.0000	1.0000	4.0000	6.5000	4.0000	
814.1767	812.9440	818.1385	824.6385	7.0000	2.2327	0.0000	1.1945	0.0000	1.0000	4.0000	6.5000	4.0000	
822.4697	816.1767	823.2109	829.7109	13.0000	7.2930	0.0000	3.0342	0.0000	1.0000	4.0000	6.5000	4.0000	
824.8364	824.4697	836.6424	843.1424	11.0000	1.3667	0.0000	8.1726	0.0000	1.0000	4.0000	6.5000	4.0000	
827.2091	826.8364	833.7471	840.2471	1.0000	1.3727	0.0000	2.9107	0.0000	1.0000	4.0000	6.5000	4.0000	
830.0740	829.2091	834.7292	841.2292	4.0000	1.8649	0.0000	1.5201	0.0000	1.0000	4.0000	6.5000	4.0000	
832.3532	832.0740	837.0763	843.5763	9.0000	1.2792	0.0000	1.0023	0.0000	1.0000	4.0000	6.5000	4.0000	
834.5988	834.3532	841.8780	848.3780	18.0000	1.2456	0.0000	3.5248	0.0000	1.0000	4.0000	6.5000	4.0000	
837.0892	836.5988	841.8080	848.3080	13.0000	1.4904	0.0000	1.2092	0.0000	1.0000	4.0000	6.5000	4.0000	
840.0270	839.0892	847.4902	853.9902	9.0000	1.9379	0.0000	4.4010	0.0000	1.0000	4.0000	6.5000	4.0000	
842.6102	842.0270	848.1560	854.6560	4.0000	1.5831	0.0000	2.1289	0.0000	1.0000	4.0000	6.5000	4.0000	
846.0248	844.6102	850.9455	857.4455	1.0000	2.4146	0.0000	2.3353	0.0000	1.0000	4.0000	6.5000	4.0000	
848.1817	848.0248	854.3541	860.8541	17.0000	1.1569	0.0000	2.3293	0.0000	1.0000	4.0000	6.5000	4.0000	
850.4014	850.1817	855.2980	861.7980	18.0000	1.2196	0.0000	1.1163	0.0000	1.0000	4.0000	6.5000	4.0000	
854.2644	852.4014	858.1106	864.6106	16.0000	2.8630	0.0000	1.7092	0.0000	1.0000	4.0000	6.5000	4.0000	
857.1751	856.2644	861.3998	867.8998	14.0000	1.9107	0.0000	1.1354	0.0000	1.0000	4.0000	6.5000	4.0000	
861.4059	859.1751	869.1914	875.6914	17.0000	3.2308	0.0000	6.0163	0.0000	1.0000	4.0000	6.5000	4.0000	
863.6931	863.4059	868.8765	875.3765	4.0000	1.2872	0.0000	1.4707	0.0000	1.0000	4.0000	6.5000	4.0000	
865.7027	865.6931	872.1369	878.6369	7.0000	1.0096	0.0000	2.4438	0.0000	1.0000	4.0000	6.5000	4.0000	
868.0254	867.7027	873.1975	879.6975	4.0000	1.3227	0.0000	1.4948	0.0000	1.0000	4.0000	6.5000	4.0000	
877.4172	870.0254	879.4194	885.9194	12.0000	8.3919	0.0000	5.3940	0.0000	1.0000	4.0000	6.5000	4.0000	
879.4513	879.4172	884.8610	891.3610	5.0000	1.0341	0.0000	1.4438	0.0000	1.0000	4.0000	6.5000	4.0000	
881.5423	881.4513	886.4662	892.9662	7.0000	1.0910	0.0000	1.0148	0.0000	1.0000	4.0000	6.5000	4.0000	
884.6648	883.5423	894.2538	900.7538	5.0000	2.1225	0.0000	6.7115	0.0000	1.0000	4.0000	6.5000	4.0000	
888.4712	886.6648	893.5755	900.0755	9.0000	2.8064	0.0000	2.9107	0.0000	1.0000	4.0000	6.5000	4.0000	
892.1048	890.4712	895.6066	902.1066	15.0000	2.6336	0.0000	1.1354	0.0000	1.0000	4.0000	6.5000	4.0000	
896.4762	894.1048	901.8875	908.3875	7.0000	3.3714	0.0000	3.7827	0.0000	1.0000	4.0000	6.5000	4.0000	
899.6457	898.4762	903.7566	910.2566	5.0000	2.1695	0.0000	1.2804	0.0000	1.0000	4.0000	6.5000	4.0000	
903.8168	901.6457	907.1240	913.6240	6.0000	3.1711	0.0000	1.4783	0.0000	1.0000	4.0000	6.5000	4.0000	
907.6849	905.8168	911.0578	917.5578	3.0000	2.8681	0.0000	1.2411	0.0000	1.0000	4.0000	6.5000	4.0000	
909.8316	909.6849	919.4028	925.9028	17.0000	1.1467	0.0000	5.7179	0.0000	1.0000	4.0000	6.5000	4.0000	
911.9199	911.8316	919.2634	925.7634	9.0000	1.0883	0.0000	3.4319	0.0000	1.0000	4.0000	6.5000	4.0000	
913.9718	913.9199	919.4063	925.9063	5.0000	1.0519	0.0000	1.4864	0.0000	1.0000	4.0000	6.5000	4.0000	
917.3086	915.9718	921.5067	928.0067	18.0000	2.3368	0.0000	1.5349	0.0000	1.0000	4.0000	6.5000	4.0000	
921.7673	919.3086	928.0488	934.5488	8.0000	3.4588	0.0000	4.7402	0.0000	1.0000	4.0000	6.5000	4.0000	
924.9965	923.7673	930.4903	936.9903	8.0000	2.2291	0.0000	2.7230	0.0000	1.0000	4.0000	6.5000	4.0000	
927.5487	926.9965	932.0209	938.5209	12.0000	1.5522	0.0000	1.0244	0.0000	1.0000	4.0000	6.5000	4.0000	
932.0292	929.5487	937.2840	943.7840	6.0000	3.4804	0.0000	3.7352	0.0000	1.0000	4.0000	6.5000	4.0000	
938.2989	934.0292	940.6446	947.1446	9.0000	5.2697	0.0000	2.6154	0.0000	1.0000	4.0000	6.5000	4.0000	
940.3489	940.2989	945.4967	951.9967	12.0000	1.0501	0.0000	1.1978	0.0000	1.0000	4.0000	6.5000	4.0000	
942.3990	942.3489	947.8567	954.3567	11.0000	1.0501	0.0000	1.5078	0.0000	1.0000	4.0000	6.5000	4.0000	
945.3369	944.3990	952.3394	958.8394	6.0000	1.9379	0.0000	3.9404	0.0000	1.0000	4.0000	6.5000	4.0000	
950.4178	947.3369	954.4488	960.9488	18.0000	4.0809	0.0000	3.1119	0.0000	1.0000	4.0000	6.5000	4.0000	
955.5030	952.4178	957.8427	964.3427	7.0000	4.0851	0.0000	1.4249	0.0000	1.0000	4.0000	6.5000	4.0000	
957.8802	957.5030	966.4969	972.9969	9.0000	1.3772	0.0000	4.9940	0.0000	1.0000	4.0000	6.5000	4.0000	
961.9823	959.8802	966.5740	973.0740	15.0000	3.1021	0.0000	2.6937	0.0000	1.0000	4.0000	6.5000	4.0000	
965.5053	963.9823	969.3396	975.8396	12.0000	2.5230	0.0000	1.3573	0.0000	1.0000	4.0000	6.5000	4.0000	
967.8590	967.5053	974.5490	981.0490	7.0000	1.3537	0.0000	3.0437	0.0000	1.0000	4.0000	6.5000	4.0000	
972.5849	969.8590	974.9944	981.4944	13.0000	3.7259	0.0000	1.1354	0.0000	1.0000	4.0000	6.5000	4.0000	
976.0672	974.5849	980.3259	986.8259	12.0000	2.4822	0.0000	1.7409	0.0000	1.0000	4.0000	6.5000	4.0000	
979.7705	978.0672	983.2978	989.7978	11.0000	2.7033	0.0000	1.2307	0.0000	1.0000	4.0000	6.5000	4.0000	
985.5487	981.7705	989.7109	996.2109	16.0000	4.7783	0.0000	3.9404	0.0000	1.0000	4.0000	6.5000	4.0000	
989.2750	987.5487	994.9017	1001.4017	8.0000	2.7262	0.0000	3.3529	0.0000	1.0000	4.0000	6.5000	4.0000	
993.2595	991.2750	999.3503	1005.8503	9.0000	2.9845	0.0000	4.0753	0.0000	1.0000	4.0000	6.5000	4.0000	
997.3420	995.2595	1000.3519	1006.8519	11.0000	3.0826	0.0000	1.0925	0.0000	1.0000	4.0000	6.5000	4.0000	
999.8269	999.3420	1004.5315	1011.0315	10.0000	1.4849	0.0000	1.1894	0.0000	1.0000	4.0000	6.5000	4.0000	
1005.3508	1001.8269	1009.7694	1016.2694	13.0000	4.5239	0.0000	3.9425	0.0000	1.0000	4.0000	6.5000	4.0000	
1007.8926	1007.3508	1013.1702	1019.6702	15.0000	1.5418	0.0000	1.8194	0.0000	1.0000	4.0000	6.5000	4.0000	
1015.4328	1009.8926	1017.4174	1023.9174	4.0000	6.5403	0.0000	3.5248	0.0000	1.0000	4.0000	6.5000	4.0000	
1020.7018	1017.4328	1024.7388	1031.2388	12.0000	4.2689	0.0000	3.3060	0.0000	1.0000	4.0000	6.5000	4.0000	
1022.9943	1022.7018	1030.5707	1037.0707	18.0000	1.2925	0.0000	3.8689	0.0000	1.0000	4.0000	6.5000	4.0000	
1029.3552	1024.9943	1031.1113	1037.6113	9.0000	5.3609	0.0000	2.1170	0.0000	1.0000	4.0000	6.5000	4.0000	
1035.3682	1031.3552	1038.5128	1045.0128	16.0000	5.0131	0.0000	3.1576	0.0000	1.0000	4.0000	6.5000	4.0000	
1039.4144	1037.3682	1047.4970	1053.9970	12.0000	3.0462	0.0000	6.1288	0.0000	1.0000	4.0000	6.5000	4.0000	
1043.0055	1041.4144	1047.6125	1054.1125	10.0000	2.5911	0.0000	2.1981	0.0000	1.0000	4.0000	6.5000	4.0000	
1049.2192	1045.0055	1052.2202	1058.7202	7.0000	5.2137	0.0000	3.2146	0.0000	1.0000	4.0000	6.5000	4.0000	
1051.8759	1051.2192	1056.4728	1062.9728	6.0000	1.6567	0.0000	1.2536	0.0000	1.0000	4.0000	6.5000	4.0000	
1054.1732	1053.8759	1059.7353	1066.2353	8.0000	1.2973	0.0000	1.8594	0.0000	1.0000	4.0000	6.5000	4.0000	
1059.0074	1056.1732	1061.1869	1067.6869	11.0000	3.8341	0.0000	1.0136	0.0000	1.0000	4.0000	6.5000	4.0000	
1062.8151	1061.0074	1069.4243	1075.9243	17.0000	2.8078	0.0000	4.4169	0.0000	1.0000	4.0000	6.5000	4.0000	
1066.8121	1064.8151	1070.1221	1076.6221	16.0000	2.9970	0.0000	1.3070	0.0000	1.0000	4.0000	6.5000	4.0000	
1069.1347	1068.8121	1074.4476	1080.9476	18.0000	1.3226	0.0000	1.6355	0.0000	1.0000	4.0000	6.5000	4.0000	
1075.4038	1071.1347	1078.3525	1084.8525	14.0000	5.2691	0.0000	3.2178	0.0000	1.0000	4.0000	6.5000	4.0000	
1081.5118	1077.4038	1084.9212	1091.4212	17.0000	5.1080	0.0000	3.5174	0.0000	1.0000	4.0000	6.5000	4.0000	
1086.4322	1083.5118	1089.3609	1095.8609	8.0000	3.9204	0.0000	1.8491	0.0000	1.0000	4.0000	6.5000	4.0000	
1093.1143	1088.4322	1094.3746	1100.8746	13.0000	5.6821	0.0000	1.9424	0.0000	1.0000	4.0000	6.5000	4.0000	
1095.2902	1095.1143	1101.1482	1107.6482	9.0000	1.1760	0.0000	2.0339	0.0000	1.0000	4.0000	6.5000	4.0000	
1097.3149	1097.2902	1102.3158	1108.8158	15.0000	1.0247	0.0000	1.0256	0.0000	1.0000	4.0000	6.5000	4.0000	
1100.3057	1099.3149	1107.2386	1113.7386	6.0000	1.9908	0.0000	3.9237	0.0000	1.0000	4.0000	6.5000	4.0000	
1102.4194	1102.3057	1107.6389	1114.1389	13.0000	1.1136	0.0000	1.3332	0.0000	1.0000	4.0000	6.5000	4.0000	
1105.5343	1104.4194	1111.9946	1118.4946	5.0000	2.1149	0.0000	3.5753	0.0000	1.0000	4.0000	6.5000	4.0000	
1107.8635	1107.5343	1112.9431	1119.4431	6.0000	1.3292	0.0000	1.4088	0.0000	1.0000	4.0000	6.5000	4.0000	
1117.8635	1109.8635	1115.8269	1122.3269	3.0000	9.0000	0.0000	1.9634	0.0000	1.0000	4.0000	6.5000	4.0000	
1120.1620	1119.8635	1129.0692	1135.5692	1.0000	1.2985	0.0000	5.2057	0.0000	1.0000	4.0000	6.5000	4.0000	
1122.9212	1122.1620	1128.3620	1134.8620	3.0000	1.7592	0.0000	2.2001	0.0000	1.0000	4.0000	6.5000	4.0000	
1127.8192	1124.9212	1130.7187	1137.2187	1.0000	3.8980	0.0000	1.7975	0.0000	1.0000	4.0000	6.5000	4.0000	
1130.3917	1129.8192	1139.5800	1146.0800	8.0000	1.5726	0.0000	5.7608	0.0000	1.0000	4.0000	6.5000	4.0000	
1134.1822	1132.3917	1139.3358	1145.8358	8.0000	2.7904	0.0000	2.9441	0.0000	1.0000	4.0000	6.5000	4.0000	
1136.2958	1136.1822	1141.3914	1147.8914	9.0000	1.1136	0.0000	1.2092	0.0000	1.0000	4.0000	6.5000	4.0000	
1138.5750	1138.2958	1144.9286	1151.4286	7.0000	1.2792	0.0000	2.6328	0.0000	1.0000	4.0000	6.5000	4.0000	
1141.1186	1140.5750	1147.0510	1153.5510	7.0000	1.5436	0.0000	2.4761	0.0000	1.0000	4.0000	6.5000	4.0000	
1149.2211	1143.1186	1148.7876	1155.2876	9.0000	7.1026	0.0000	1.6690	0.0000	1.0000	4.0000	6.5000	4.0000	
1156.6667	1151.2211	1156.5102	1163.0102	16.0000	6.4456	0.0000	1.2891	0.0000	1.0000	4.0000	6.5000	4.0000	
1160.3179	1158.6667	1165.1143	1171.6143	15.0000	2.6511	0.0000	2.4476	0.0000	1.0000	4.0000	6.5000	4.0000	
1168.3258	1162.3179	1170.8888	1177.3888	1.0000	7.0079	0.0000	4.5709	0.0000	1.0000	4.0000	6.5000	4.0000	
1172.4083	1170.3258	1177.3600	1183.8600	4.0000	3.0826	0.0000	3.0342	0.0000	1.0000	4.0000	6.5000	4.0000	
1178.1987	1174.4083	1180.8541	1187.3541	10.0000	4.7904	0.0000	2.4457	0.0000	1.0000	4.0000	6.5000	4.0000	
1182.1832	1180.1987	1185.8945	1192.3945	5.0000	2.9845	0.0000	1.6957	0.0000	1.0000	4.0000	6.5000	4.0000	
1186.9587	1184.1832	1189.6784	1196.1784	13.0000	3.7755	0.0000	1.4952	0.0000	1.0000	4.0000	6.5000	4.0000	
1189.0802	1188.9587	1194.1523	1200.6523	10.0000	1.1215	0.0000	1.1936	0.0000	1.0000	4.0000	6.5000	4.0000	
1192.1022	1191.0802	1197.3110	1203.8110	12.0000	2.0221	0.0000	2.2308	0.0000	1.0000	4.0000	6.5000	4.0000	
1194.2970	1194.1022	1199.5722	1206.0722	1.0000	1.1948	0.0000	1.4699	0.0000	1.0000	4.0000	6.5000	4.0000	
1196.4437	1196.2970	1202.3842	1208.8842	13.0000	1.1467	0.0000	2.0872	0.0000	1.0000	4.0000	6.5000	4.0000	
1199.5693	1198.4437	1205.3474	1211.8474	16.0000	2.1256	0.0000	2.9037	0.0000	1.0000	4.0000	6.5000	4.0000	
1204.0004	1201.5693	1207.4898	1213.9898	12.0000	3.4311	0.0000	1.9205	0.0000	1.0000	4.0000	6.5000	4.0000	
1207.0942	1206.0004	1212.2618	1218.7618	3.0000	2.0938	0.0000	2.2614	0.0000	1.0000	4.0000	6.5000	4.0000	
1213.0916	1209.0942	1215.2294	1221.7294	6.0000	4.9974	0.0000	2.1352	0.0000	1.0000	4.0000	6.5000	4.0000	
1215.3218	1215.0916	1221.0253	1227.5253	2.0000	1.2302	0.0000	1.9337	0.0000	1.0000	4.0000	6.5000	4.0000	
1220.7496	1217.3218	1222.5125	1229.0125	13.0000	4.4278	0.0000	1.1907	0.0000	1.0000	4.0000	6.5000	4.0000	
1225.5251	1222.7496	1229.8873	1236.3873	17.0000	3.7755	0.0000	3.1377	0.0000	1.0000	4.0000	6.5000	4.0000	
1228.2187	1227.5251	1232.8871	1239.3871	9.0000	1.6936	0.0000	1.3620	0.0000	1.0000	4.0000	6.5000	4.0000	
1232.7642	1230.2187	1239.2453	1245.7453	11.0000	3.5455	0.0000	5.0266	0.0000	1.0000	4.0000	6.5000	4.0000	
1234.8539	1234.7642	1240.3013	1246.8013	6.0000	1.0897	0.0000	1.5370	0.0000	1.0000	4.0000	6.5000	4.0000	
1237.3128	1236.8539	1245.6392	1252.1392	17.0000	1.4589	0.0000	4.7852	0.0000	1.0000	4.0000	6.5000	4.0000	
1241.0180	1239.3128	1247.5244	1254.0244	12.0000	2.7052	0.0000	4.2116	0.0000	1.0000	4.0000	6.5000	4.0000	
1243.3622	1243.0180	1253.6550	1260.1550	11.0000	1.3442	0.0000	6.6370	0.0000	1.0000	4.0000	6.5000	4.0000	
1246.7773	1245.3622	1252.4268	1258.9268	6.0000	2.4151	0.0000	3.0646	0.0000	1.0000	4.0000	6.5000	4.0000	
1249.4839	1248.7773	1258.5321	1265.0321	4.0000	1.7066	0.0000	5.7547	0.0000	1.0000	4.0000	6.5000	4.0000	
1253.1055	1251.4839	1257.6082	1264.1082	5.0000	2.6216	0.0000	2.1243	0.0000	1.0000	4.0000	6.5000	4.0000	
1258.3201	1255.1055	1261.9965	1268.4965	17.0000	4.2146	0.0000	2.8909	0.0000	1.0000	4.0000	6.5000	4.0000	
1261.2580	1260.3201	1273.3201	1279.8201	3.0000	1.9379	0.0000	9.0000	0.0000	1.0000	4.0000	6.5000	4.0000	
1267.4717	1263.2580	1268.5195	1275.0195	9.0000	5.2137	0.0000	1.2615	0.0000	1.0000	4.0000	6.5000	4.0000	
1271.8146	1269.4717	1275.1282	1281.6282	11.0000	3.3429	0.0000	1.6565	0.0000	1.0000	4.0000	6.5000	4.0000	
1277.3682	1273.8146	1279.0780	1285.5780	1.0000	4.5536	0.0000	1.2634	0.0000	1.0000	4.0000	6.5000	4.0000	
1279.6511	1279.3682	1284.9245	1291.4245	2.0000	1.2829	0.0000	1.5563	0.0000	1.0000	4.0000	6.5000	4.0000	
1282.8923	1281.6511	1290.3353	1296.8353	14.0000	2.2412	0.0000	4.6842	0.0000	1.0000	4.0000	6.5000	4.0000	
1285.6480	1284.8923	1296.1708	1302.6708	13.0000	1.7557	0.0000	7.2785	0.0000	1.0000	4.0000	6.5000	4.0000	
1287.8768	1287.6480	1293.5928	1300.0928	18.0000	1.2288	0.0000	1.9448	0.0000	1.0000	4.0000	6.5000	4.0000	
1289.9894	1289.8768	1296.4703	1302.9703	3.0000	1.1126	0.0000	2.5936	0.0000	1.0000	4.0000	6.5000	4.0000	
1292.1962	1291.9894	1300.8728	1307.3728	17.0000	1.2068	0.0000	4.8834	0.0000	1.0000	4.0000	6.5000	4.0000	
1294.2301	1294.1962	1302.8823	1309.3823	8.0000	1.0339	0.0000	4.6862	0.0000	1.0000	4.0000	6.5000	4.0000	
1296.9284	1296.2301	1303.5619	1310.0619	16.0000	1.6983	0.0000	3.3318	0.0000	1.0000	4.0000	6.5000	4.0000	
1302.3562	1298.9284	1304.4257	1310.9257	5.0000	4.4278	0.0000	1.4973	0.0000	1.0000	4.0000	6.5000	4.0000	
1311.0533	1304.3562	1312.6165	1319.1165	4.0000	7.6971	0.0000	4.2603	0.0000	1.0000	4.0000	6.5000	4.0000	
1315.1998	1313.0533	1318.9020	1325.4020	16.0000	3.1465	0.0000	1.8487	0.0000	1.0000	4.0000	6.5000	4.0000	
1318.0680	1317.1998	1322.5264	1329.0264	12.0000	1.8682	0.0000	1.3266	0.0000	1.0000	4.0000	6.5000	4.0000	
1320.6652	1320.0680	1325.4709	1331.9709	14.0000	1.5972	0.0000	1.4029	0.0000	1.0000	4.0000	6.5000	4.0000	
1324.7597	1322.6652	1327.6994	1334.1994	3.0000	3.0945	0.0000	1.0341	0.0000	1.0000	4.0000	6.5000	4.0000	
1328.7048	1326.7597	1331.9665	1338.4665	11.0000	2.9450	0.0000	1.2068	0.0000	1.0000	4.0000	6.5000	4.0000	
1332.0310	1330.7048	1337.8167	1344.3167	15.0000	2.3262	0.0000	3.1119	0.0000	1.0000	4.0000	6.5000	4.0000	
1334.6819	1334.0310	1340.5229	1347.0229	1.0000	1.6509	0.0000	2.4919	0.0000	1.0000	4.0000	6.5000	4.0000	
1338.5613	1336.6819	1342.6990	1349.1990	1.0000	2.8794	0.0000	2.0171	0.0000	1.0000	4.0000	6.5000	4.0000	
1341.3835	1340.5613	1348.2085	1354.7085	8.0000	1.8222	0.0000	3.6472	0.0000	1.0000	4.0000	6.5000	4.0000	
1344.7373	1343.3835	1349.4993	1355.9993	5.0000	2.3538	0.0000	2.1158	0.0000	1.0000	4.0000	6.5000	4.0000	
1347.7456	1346.7373	1353.2277	1359.7277	16.0000	2.0083	0.0000	2.4904	0.0000	1.0000	4.0000	6.5000	4.0000	
1349.9936	1349.7456	1358.7730	1365.2730	5.0000	1.2481	0.0000	5.0274	0.0000	1.0000	4.0000	6.5000	4.0000	
1352.6255	1351.9936	1357.5913	1364.0913	7.0000	1.6319	0.0000	1.5977	0.0000	1.0000	4.0000	6.5000	4.0000	
1355.8555	1354.6255	1362.7054	1369.2054	3.0000	2.2301	0.0000	4.0800	0.0000	1.0000	4.0000	6.5000	4.0000	
1359.0236	1357.8555	1363.0450	1369.5450	12.0000	2.1681	0.0000	1.1894	0.0000	1.0000	4.0000	6.5000	4.0000	
1364.8303	1361.0236	1370.2294	1376.7294	13.0000	4.8066	0.0000	5.2057	0.0000	1.0000	4.0000	6.5000	4.0000	
1368.0714	1366.8303	1375.1163	1381.6163	2.0000	2.2412	0.0000	4.2860	0.0000	1.0000	4.0000	6.5000	4.0000	
1370.7697	1370.0714	1376.8596	1383.3596	6.0000	1.6983	0.0000	2.7882	0.0000	1.0000	4.0000	6.5000	4.0000	
1373.8550	1372.7697	1378.1004	1384.6004	8.0000	2.0853	0.0000	1.3307	0.0000	1.0000	4.0000	6.5000	4.0000	
1376.2501	1375.8550	1382.7637	1389.2637	2.0000	1.3951	0.0000	2.9087	0.0000	1.0000	4.0000	6.5000	4.0000	
1380.2572	1378.2501	1383.4157	1389.9157	3.0000	3.0071	0.0000	1.1656	0.0000	1.0000	4.0000	6.5000	4.0000	
1384.8319	1382.2572	1388.6802	1395.1802	2.0000	3.5746	0.0000	2.4230	0.0000	1.0000	4.0000	6.5000	4.0000	
1387.6793	1386.8319	1391.8509	1398.3509	12.0000	1.8475	0.0000	1.0190	0.0000	1.0000	4.0000	6.5000	4.0000	
1391.5685	1389.6793	1395.4987	1401.9987	6.0000	2.8892	0.0000	1.8194	0.0000	1.0000	4.0000	6.5000	4.0000	
1396.4492	1393.5685	1401.9695	1408.4695	10.0000	3.8807	0.0000	4.4010	0.0000	1.0000	4.0000	6.5000	4.0000	
1399.0896	1398.4492	1406.9534	1413.4534	4.0000	1.6404	0.0000	4.5042	0.0000	1.0000	4.0000	6.5000	4.0000	
1403.2428	1401.0896	1410.5016	1417.0016	10.0000	3.1532	0.0000	5.4119	0.0000	1.0000	4.0000	6.5000	4.0000	
1407.3178	1405.2428	1411.0502	1417.5502	14.0000	3.0750	0.0000	1.8074	0.0000	1.0000	4.0000	6.5000	4.0000	
1410.6322	1409.3178	1414.7538	1421.2538	18.0000	2.3144	0.0000	1.4360	0.0000	1.0000	4.0000	6.5000	4.0000	
1415.1274	1412.6322	1419.1864	1425.6864	10.0000	3.4952	0.0000	2.5542	0.0000	1.0000	4.0000	6.5000	4.0000	
1417.6286	1417.1274	1422.3685	1428.8685	8.0000	1.5012	0.0000	1.2411	0.0000	1.0000	4.0000	6.5000	4.0000	
1420.6772	1419.6286	1424.8282	1431.3282	15.0000	2.0486	0.0000	1.1996	0.0000	1.0000	4.0000	6.5000	4.0000	
1423.2673	1422.6772	1427.7577	1434.2577	5.0000	1.5901	0.0000	1.0805	0.0000	1.0000	4.0000	6.5000	4.0000	
1425.2916	1425.2673	1433.6683	1440.1683	8.0000	1.0243	0.0000	4.4010	0.0000	1.0000	4.0000	6.5000	4.0000	
1429.5300	1427.2916	1434.2626	1440.7626	7.0000	3.2384	0.0000	2.9710	0.0000	1.0000	4.0000	6.5000	4.0000	
1432.2106	1431.5300	1439.4666	1445.9666	7.0000	1.6806	0.0000	3.9366	0.0000	1.0000	4.0000	6.5000	4.0000	
1434.9098	1434.2106	1443.2045	1449.7045	18.0000	1.6992	0.0000	4.9940	0.0000	1.0000	4.0000	6.5000	4.0000	
1439.9889	1436.9098	1443.0302	1449.5302	4.0000	4.0791	0.0000	2.1204	0.0000	1.0000	4.0000	6.5000	4.0000	
1442.1829	1441.9889	1450.5396	1457.0396	5.0000	1.1939	0.0000	4.5506	0.0000	1.0000	4.0000	6.5000	4.0000	
1446.6657	1444.1829	1449.4125	1455.9125	11.0000	3.4829	0.0000	1.2296	0.0000	1.0000	4.0000	6.5000	4.0000	
1449.2977	1448.6657	1454.5402	1461.0402	8.0000	1.6320	0.0000	1.8745	0.0000	1.0000	4.0000	6.5000	4.0000	
1453.0479	1451.2977	1458.8458	1465.3458	15.0000	2.7502	0.0000	3.5480	0.0000	1.0000	4.0000	6.5000	4.0000	
1455.6380	1455.0479	1461.5453	1468.0453	18.0000	1.5901	0.0000	2.4974	0.0000	1.0000	4.0000	6.5000	4.0000	
1458.0351	1457.6380	1466.6654	1473.1654	14.0000	1.3971	0.0000	5.0274	0.0000	1.0000	4.0000	6.5000	4.0000	
1460.2152	1460.0351	1466.5126	1473.0126	14.0000	1.1801	0.0000	2.4775	0.0000	1.0000	4.0000	6.5000	4.0000	
1462.6129	1462.2152	1470.1651	1476.6651	14.0000	1.3977	0.0000	3.9499	0.0000	1.0000	4.0000	6.5000	4.0000	
1466.6098	1464.6129	1469.8082	1476.3082	11.0000	2.9969	0.0000	1.1953	0.0000	1.0000	4.0000	6.5000	4.0000	
1468.9166	1468.6098	1473.6746	1480.1746	16.0000	1.3068	0.0000	1.0648	0.0000	1.0000	4.0000	6.5000	4.0000	
1471.9580	1470.9166	1477.5161	1484.0161	8.0000	2.0414	0.0000	2.5995	0.0000	1.0000	4.0000	6.5000	4.0000	
1473.9885	1473.9580	1479.0144	1485.5144	14.0000	1.0305	0.0000	1.0564	0.0000	1.0000	4.0000	6.5000	4.0000	
1480.1796	1475.9885	1481.6756	1488.1756	17.0000	5.1911	0.0000	1.6871	0.0000	1.0000	4.0000	6.5000	4.0000	
1483.5334	1482.1796	1489.1291	1495.6291	16.0000	2.3538	0.0000	2.9494	0.0000	1.0000	4.0000	6.5000	4.0000	
1486.0257	1485.5334	1490.9745	1497.4745	7.0000	1.4923	0.0000	1.4411	0.0000	1.0000	4.0000	6.5000	4.0000	
1488.2388	1488.0257	1493.7991	1500.2991	13.0000	1.2131	0.0000	1.7734	0.0000	1.0000	4.0000	6.5000	4.0000	
1492.7490	1490.2388	1502.5928	1509.0928	1.0000	3.5102	0.0000	8.3539	0.0000	1.0000	4.0000	6.5000	4.0000	
1494.8627	1494.7490	1500.8646	1507.3646	7.0000	1.1136	0.0000	2.1155	0.0000	1.0000	4.0000	6.5000	4.0000	
1497.8239	1496.8627	1504.5981	1511.0981	11.0000	1.9613	0.0000	3.7354	0.0000	1.0000	4.0000	6.5000	4.0000	
1505.4983	1499.8239	1508.9329	1515.4329	1.0000	6.6744	0.0000	5.1090	0.0000	1.0000	4.0000	6.5000	4.0000	
1508.0241	1507.4983	1516.0025	1522.5025	15.0000	1.5258	0.0000	4.5042	0.0000	1.0000	4.0000	6.5000	4.0000	
1510.2697	1510.0241	1516.0672	1522.5672	10.0000	1.2456	0.0000	2.0431	0.0000	1.0000	4.0000	6.5000	4.0000	
1512.5917	1512.2697	1522.3967	1528.8967	6.0000	1.3220	0.0000	6.1270	0.0000	1.0000	4.0000	6.5000	4.0000	
1517.2599	1514.5917	1519.9183	1526.4183	16.0000	3.6682	0.0000	1.3266	0.0000	1.0000	4.0000	6.5000	4.0000	
1522.7277	1519.2599	1525.4789	1531.9789	17.0000	4.4678	0.0000	2.2190	0.0000	1.0000	4.0000	6.5000	4.0000	
1525.7360	1524.7277	1534.4824	1540.9824	10.0000	2.0083	0.0000	5.7547	0.0000	1.0000	4.0000	6.5000	4.0000	
1528.2335	1527.7360	1537.4058	1543.9058	5.0000	1.4975	0.0000	5.6698	0.0000	1.0000	4.0000	6.5000	4.0000	
1531.4758	1530.2335	1536.7096	1543.2096	14.0000	2.2423	0.0000	2.4761	0.0000	1.0000	4.0000	6.5000	4.0000	
1535.1791	1533.4758	1543.0869	1549.5869	1.0000	2.7033	0.0000	5.6111	0.0000	1.0000	4.0000	6.5000	4.0000	
1544.5710	1537.1791	1542.9236	1549.4236	10.0000	8.3919	0.0000	1.7445	0.0000	1.0000	4.0000	6.5000	4.0000	
1550.3508	1546.5710	1552.3836	1558.8836	9.0000	4.7798	0.0000	1.8126	0.0000	1.0000	4.0000	6.5000	4.0000	
1552.6404	1552.3508	1558.8283	1565.3283	7.0000	1.2896	0.0000	2.4775	0.0000	1.0000	4.0000	6.5000	4.0000	
1561.1197	1554.6404	1561.1583	1567.6583	10.0000	7.4793	0.0000	2.5179	0.0000	1.0000	4.0000	6.5000	4.0000	
1563.4866	1563.1197	1570.5374	1577.0374	6.0000	1.3670	0.0000	3.4177	0.0000	1.0000	4.0000	6.5000	4.0000	
1568.9724	1565.4866	1571.2719	1577.7719	15.0000	4.4857	0.0000	1.7852	0.0000	1.0000	4.0000	6.5000	4.0000	
1571.6652	1570.9724	1576.1923	1582.6923	11.0000	1.6928	0.0000	1.2199	0.0000	1.0000	4.0000	6.5000	4.0000	
1575.1474	1573.6652	1579.1973	1585.6973	8.0000	2.4822	0.0000	1.5321	0.0000	1.0000	4.0000	6.5000	4.0000	
1579.7269	1577.1474	1585.1571	1591.6571	8.0000	3.5794	0.0000	4.0097	0.0000	1.0000	4.0000	6.5000	4.0000	
1581.7522	1581.7269	1587.8399	1594.3399	14.0000	1.0253	0.0000	2.1130	0.0000	1.0000	4.0000	6.5000	4.0000	
1583.9031	1583.7522	1590.4474	1596.9474	6.0000	1.1510	0.0000	2.6952	0.0000	1.0000	4.0000	6.5000	4.0000	
1586.5967	1585.9031	1591.1327	1597.6327	16.0000	1.6936	0.0000	1.2295	0.0000	1.0000	4.0000	6.5000	4.0000	
1589.9316	1588.5967	1594.0957	1600.5957	15.0000	2.3349	0.0000	1.4989	0.0000	1.0000	4.0000	6.5000	4.0000	
1592.2701	1591.9316	1601.0406	1607.5406	18.0000	1.3385	0.0000	5.1090	0.0000	1.0000	4.0000	6.5000	4.0000	
1594.8608	1594.2701	1600.7477	1607.2477	4.0000	1.5907	0.0000	2.4775	0.0000	1.0000	4.0000	6.5000	4.0000	
1597.0410	1596.8608	1604.7314	1611.2314	16.0000	1.1801	0.0000	3.8705	0.0000	1.0000	4.0000	6.5000	4.0000	
1600.0896	1599.0410	1605.7704	1612.2704	14.0000	2.0486	0.0000	2.7295	0.0000	1.0000	4.0000	6.5000	4.0000	
1602.3821	1602.0896	1609.7368	1616.2368	5.0000	1.2925	0.0000	3.6472	0.0000	1.0000	4.0000	6.5000	4.0000	
1611.7739	1604.3821	1609.4263	1615.9263	1.0000	8.3919	0.0000	1.0442	0.0000	1.0000	4.0000	6.5000	4.0000	
1615.3955	1613.7739	1621.1178	1627.6178	4.0000	2.6216	0.0000	3.3438	0.0000	1.0000	4.0000	6.5000	4.0000	
1620.2599	1617.3955	1626.2808	1632.7808	10.0000	3.8644	0.0000	4.8853	0.0000	1.0000	4.0000	6.5000	4.0000	
1625.0354	1622.2599	1628.6214	1635.1214	5.0000	3.7755	0.0000	2.3615	0.0000	1.0000	4.0000	6.5000	4.0000	
1627.5175	1627.0354	1635.6699	1642.1699	2.0000	1.4821	0.0000	4.6345	0.0000	1.0000	4.0000	6.5000	4.0000	
1629.6800	1629.5175	1639.6463	1646.1463	7.0000	1.1625	0.0000	6.1288	0.0000	1.0000	4.0000	6.5000	4.0000	
1635.3567	1631.6800	1637.8041	1644.3041	10.0000	4.6767	0.0000	2.1241	0.0000	1.0000	4.0000	6.5000	4.0000	
1641.1350	1637.3567	1642.6182	1649.1182	18.0000	4.7783	0.0000	1.2615	0.0000	1.0000	4.0000	6.5000	4.0000	
1643.6767	1643.1350	1650.6523	1657.1523	7.0000	1.5418	0.0000	3.5174	0.0000	1.0000	4.0000	6.5000	4.0000	
1652.1561	1645.6767	1651.9317	1658.4317	7.0000	7.4793	0.0000	2.2550	0.0000	1.0000	4.0000	6.5000	4.0000	
1662.1561	1654.1561	1661.0597	1667.5597	6.0000	9.0000	0.0000	2.9037	0.0000	1.0000	4.0000	6.5000	4.0000	
1664.2226	1664.1561	1669.6550	1676.1550	10.0000	1.0666	0.0000	1.4989	0.0000	1.0000	4.0000	6.5000	4.0000	
1666.7484	1666.2226	1671.4303	1677.9303	12.0000	1.5258	0.0000	1.2077	0.0000	1.0000	4.0000	6.5000	4.0000	
1670.6165	1668.7484	1674.4343	1680.9343	8.0000	2.8681	0.0000	1.6859	0.0000	1.0000	4.0000	6.5000	4.0000	
1674.6839	1672.6165	1678.8355	1685.3355	5.0000	3.0674	0.0000	2.2190	0.0000	1.0000	4.0000	6.5000	4.0000	
1679.6714	1676.6839	1683.1068	1689.6068	14.0000	3.9875	0.0000	2.4230	0.0000	1.0000	4.0000	6.5000	4.0000	
1681.8819	1681.6714	1687.0962	1693.5962	9.0000	1.2105	0.0000	1.4249	0.0000	1.0000	4.0000	6.5000	4.0000	
1685.9840	1683.8819	1693.8883	1700.3883	12.0000	3.1021	0.0000	6.0064	0.0000	1.0000	4.0000	6.5000	4.0000	
1688.4852	1687.9840	1693.0138	1699.5138	15.0000	1.5012	0.0000	1.0298	0.0000	1.0000	4.0000	6.5000	4.0000	
1696.4931	1690.4852	1696.9690	1703.4690	11.0000	7.0079	0.0000	2.4838	0.0000	1.0000	4.0000	6.5000	4.0000	
1699.5695	1698.4931	1703.9180	1710.4180	11.0000	2.0764	0.0000	1.4249	0.0000	1.0000	4.0000	6.5000	4.0000	
1702.8957	1701.5695	1707.5865	1714.0865	18.0000	2.3262	0.0000	2.0171	0.0000	1.0000	4.0000	6.5000	4.0000	
1706.9028	1704.8957	1712.2687	1718.7687	9.0000	3.0071	0.0000	3.3730	0.0000	1.0000	4.0000	6.5000	4.0000	
1709.2255	1708.9028	1715.0186	1721.5186	13.0000	1.3227	0.0000	2.1158	0.0000	1.0000	4.0000	6.5000	4.0000	
1713.4842	1711.2255	1716.7038	1723.2038	12.0000	3.2587	0.0000	1.4783	0.0000	1.0000	4.0000	6.5000	4.0000	
1716.4824	1715.4842	1720.9288	1727.4288	4.0000	1.9982	0.0000	1.4446	0.0000	1.0000	4.0000	6.5000	4.0000	
1719.5473	1718.4824	1724.8973	1731.3973	18.0000	2.0649	0.0000	2.4149	0.0000	1.0000	4.0000	6.5000	4.0000	
1722.7886	1721.5473	1726.5530	1733.0530	12.0000	2.2413	0.0000	1.0057	0.0000	1.0000	4.0000	6.5000	4.0000	
1726.2107	1724.7886	1730.7520	1737.2520	13.0000	2.4222	0.0000	1.9634	0.0000	1.0000	4.0000	6.5000	4.0000	
1730.3140	1728.2107	1737.8805	1744.3805	17.0000	3.1033	0.0000	5.6698	0.0000	1.0000	4.0000	6.5000	4.0000	
1733.1856	1732.3140	1738.0794	1744.5794	4.0000	1.8716	0.0000	1.7654	0.0000	1.0000	4.0000	6.5000	4.0000	
1735.9965	1735.1856	1740.6212	1747.1212	6.0000	1.8109	0.0000	1.4356	0.0000	1.0000	4.0000	6.5000	4.0000	
1740.0585	1737.9965	1744.1317	1750.6317	12.0000	3.0620	0.0000	2.1352	0.0000	1.0000	4.0000	6.5000	4.0000	
1747.5042	1742.0585	1747.5310	1754.0310	8.0000	6.4456	0.0000	1.4725	0.0000	1.0000	4.0000	6.5000	4.0000	
1749.8708	1749.5042	1754.6390	1761.1390	4.0000	1.3667	0.0000	1.1349	0.0000	1.0000	4.0000	6.5000	4.0000	
1752.1375	1751.8708	1757.1003	1763.6003	6.0000	1.2666	0.0000	1.2295	0.0000	1.0000	4.0000	6.5000	4.0000	
1757.0018	1754.1375	1760.6294	1767.1294	6.0000	3.8644	0.0000	2.4919	0.0000	1.0000	4.0000	6.5000	4.0000	
1760.2868	1759.0018	1765.1546	1771.6546	2.0000	2.2850	0.0000	2.1528	0.0000	1.0000	4.0000	6.5000	4.0000	
1764.6721	1762.2868	1767.9604	1774.4604	12.0000	3.3853	0.0000	1.6736	0.0000	1.0000	4.0000	6.5000	4.0000	
1768.0083	1766.6721	1771.6724	1778.1724	2.0000	2.3362	0.0000	1.0003	0.0000	1.0000	4.0000	6.5000	4.0000	
1771.2378	1770.0083	1775.3088	1781.8088	12.0000	2.2295	0.0000	1.3005	0.0000	1.0000	4.0000	6.5000	4.0000	
1774.4673	1773.2378	1778.8801	1785.3801	3.0000	2.2295	0.0000	1.6424	0.0000	1.0000	4.0000	6.5000	4.0000	
1777.7300	1776.4673	1783.7414	1790.2414	10.0000	2.2628	0.0000	3.2742	0.0000	1.0000	4.0000	6.5000	4.0000	
1780.6733	1779.7300	1786.3572	1792.8572	10.0000	1.9433	0.0000	2.6272	0.0000	1.0000	4.0000	6.5000	4.0000	
1785.8803	1782.6733	1788.1705	1794.6705	1.0000	4.2070	0.0000	1.4973	0.0000	1.0000	4.0000	6.5000	4.0000	
1790.2232	1787.8803	1794.1102	1800.6102	4.0000	3.3429	0.0000	2.2299	0.0000	1.0000	4.0000	6.5000	4.0000	
1792.4584	1792.2232	1797.7096	1804.2096	8.0000	1.2352	0.0000	1.4864	0.0000	1.0000	4.0000	6.5000	4.0000	
1795.6875	1794.4584	1800.2809	1806.7809	5.0000	2.2291	0.0000	1.8225	0.0000	1.0000	4.0000	6.5000	4.0000	
1798.8031	1797.6875	1805.2605	1811.7605	13.0000	2.1155	0.0000	3.5729	0.0000	1.0000	4.0000	6.5000	4.0000	
1801.7053	1800.8031	1806.6554	1813.1554	10.0000	1.9022	0.0000	1.8523	0.0000	1.0000	4.0000	6.5000	4.0000	
1807.7078	1803.7053	1811.3645	1817.8645	11.0000	5.0025	0.0000	3.6592	0.0000	1.0000	4.0000	6.5000	4.0000	
1810.2514	1809.7078	1815.1434	1821.6434	18.0000	1.5436	0.0000	1.4356	0.0000	1.0000	4.0000	6.5000	4.0000	
1812.9081	1812.2514	1817.5318	1824.0318	11.0000	1.6567	0.0000	1.2804	0.0000	1.0000	4.0000	6.5000	4.0000	
1815.6743	1814.9081	1820.0890	1826.5890	2.0000	1.7662	0.0000	1.1809	0.0000	1.0000	4.0000	6.5000	4.0000	
1818.8789	1817.6743	1823.0829	1829.5829	17.0000	2.2046	0.0000	1.4086	0.0000	1.0000	4.0000	6.5000	4.0000	
1827.3582	1820.8789	1828.5549	1835.0549	15.0000	7.4793	0.0000	3.6760	0.0000	1.0000	4.0000	6.5000	4.0000	
1831.6550	1829.3582	1835.3031	1841.8031	14.0000	3.2968	0.0000	1.9448	0.0000	1.0000	4.0000	6.5000	4.0000	
1835.1200	1833.6550	1842.2336	1848.7336	12.0000	2.4649	0.0000	4.5785	0.0000	1.0000	4.0000	6.5000	4.0000	
1844.5371	1837.1200	1843.4004	1849.9004	10.0000	8.4172	0.0000	2.2805	0.0000	1.0000	4.0000	6.5000	4.0000	
1848.6121	1846.5371	1851.5829	1858.0829	5.0000	3.0750	0.0000	1.0457	0.0000	1.0000	4.0000	6.5000	4.0000	
1851.0942	1850.6121	1856.1199	1862.6199	17.0000	1.4821	0.0000	1.5078	0.0000	1.0000	4.0000	6.5000	4.0000	
1856.5285	1853.0942	1858.8374	1865.3374	18.0000	4.4343	0.0000	1.7432	0.0000	1.0000	4.0000	6.5000	4.0000	
1859.1257	1858.5285	1864.6415	1871.1415	4.0000	1.5972	0.0000	2.1130	0.0000	1.0000	4.0000	6.5000	4.0000	
1862.4224	1861.1257	1868.0283	1874.5283	7.0000	2.2967	0.0000	2.9026	0.0000	1.0000	4.0000	6.5000	4.0000	
1864.6890	1864.4224	1871.8543	1878.3543	10.0000	1.2666	0.0000	3.4319	0.0000	1.0000	4.0000	6.5000	4.0000	
1867.4553	1866.6890	1874.2192	1880.7192	6.0000	1.7662	0.0000	3.5302	0.0000	1.0000	4.0000	6.5000	4.0000	
1870.5702	1869.4553	1878.8493	1885.3493	15.0000	2.1149	0.0000	5.3940	0.0000	1.0000	4.0000	6.5000	4.0000	
1873.6437	1872.5702	1878.7054	1885.2054	4.0000	2.0735	0.0000	2.1352	0.0000	1.0000	4.0000	6.5000	4.0000	
1876.1695	1875.6437	1880.8819	1887.3819	17.0000	1.5258	0.0000	1.2382	0.0000	1.0000	4.0000	6.5000	4.0000	
1879.7490	1878.1695	1883.3640	1889.8640	1.0000	2.5795	0.0000	1.1945	0.0000	1.0000	4.0000	6.5000	4.0000	
1882.7398	1881.7490	1887.1045	1893.6045	18.0000	1.9908	0.0000	1.3555	0.0000	1.0000	4.0000	6.5000	4.0000	
1887.8207	1884.7398	1891.5280	1898.0280	5.0000	4.0809	0.0000	2.7882	0.0000	1.0000	4.0000	6.5000	4.0000	
1893.8395	1889.8207	1895.0152	1901.5152	5.0000	5.0188	0.0000	1.1945	0.0000	1.0000	4.0000	6.5000	4.0000	
1898.0033	1895.8395	1901.3468	1907.8468	15.0000	3.1638	0.0000	1.5074	0.0000	1.0000	4.0000	6.5000	4.0000	
1903.2544	1900.0033	1908.6664	1915.1664	6.0000	4.2512	0.0000	4.6632	0.0000	1.0000	4.0000	6.5000	4.0000	
1905.4057	1905.2544	1910.8127	1917.3127	9.0000	1.1513	0.0000	1.5583	0.0000	1.0000	4.0000	6.5000	4.0000	
1907.4723	1907.4057	1913.9308	1920.4308	11.0000	1.0666	0.0000	2.5251	0.0000	1.0000	4.0000	6.5000	4.0000	
1911.1893	1909.4723	1915.6546	1922.1546	12.0000	2.7170	0.0000	2.1823	0.0000	1.0000	4.0000	6.5000	4.0000	
1915.8809	1913.1893	1919.7513	1926.2513	4.0000	3.6916	0.0000	2.5620	0.0000	1.0000	4.0000	6.5000	4.0000	
1921.3666	1917.8809	1924.1686	1930.6686	16.0000	4.4857	0.0000	2.2877	0.0000	1.0000	4.0000	6.5000	4.0000	
1924.6103	1923.3666	1932.5325	1939.0325	18.0000	2.2437	0.0000	5.1659	0.0000	1.0000	4.0000	6.5000	4.0000	
1930.0446	1926.6103	1933.5263	1940.0263	17.0000	4.4343	0.0000	2.9160	0.0000	1.0000	4.0000	6.5000	4.0000	
1932.8416	1932.0446	1937.6523	1944.1523	12.0000	1.7970	0.0000	1.6077	0.0000	1.0000	4.0000	6.5000	4.0000	
1936.7210	1934.8416	1941.5368	1948.0368	15.0000	2.8794	0.0000	2.6952	0.0000	1.0000	4.0000	6.5000	4.0000	
1939.8004	1938.7210	1946.3970	1952.8970	8.0000	2.0794	0.0000	3.6760	0.0000	1.0000	4.0000	6.5000	4.0000	
1949.8004	1941.8004	1947.1438	1953.6438	2.0000	9.0000	0.0000	1.3434	0.0000	1.0000	4.0000	6.5000	4.0000	
1956.1885	1951.8004	1957.0895	1963.5895	14.0000	5.3881	0.0000	1.2891	0.0000	1.0000	4.0000	6.5000	4.0000	
1960.2906	1958.1885	1963.2276	1969.7276	4.0000	3.1021	0.0000	1.0391	0.0000	1.0000	4.0000	6.5000	4.0000	
1962.8061	1962.2906	1968.7335	1975.2335	4.0000	1.5155	0.0000	2.4429	0.0000	1.0000	4.0000	6.5000	4.0000	
1966.1907	1964.8061	1970.9486	1977.4486	15.0000	2.3846	0.0000	2.1425	0.0000	1.0000	4.0000	6.5000	4.0000	
1971.8674	1968.1907	1973.8103	1980.3103	5.0000	4.6767	0.0000	1.6195	0.0000	1.0000	4.0000	6.5000	4.0000	
1975.7566	1973.8674	1978.9273	1985.4273	7.0000	2.8892	0.0000	1.0599	0.0000	1.0000	4.0000	6.5000	4.0000	
1979.5877	1977.7566	1983.0538	1989.5538	3.0000	2.8311	0.0000	1.2972	0.0000	1.0000	4.0000	6.5000	4.0000	
1985.7788	1981.5877	1987.3531	1993.8531	8.0000	5.1911	0.0000	1.7654	0.0000	1.0000	4.0000	6.5000	4.0000	
1988.1759	1987.7788	1993.2025	1999.7025	10.0000	1.3971	0.0000	1.4237	0.0000	1.0000	4.0000	6.5000	4.0000	
1990.2668	1990.1759	1995.8114	2002.3114	1.0000	1.0910	0.0000	1.6355	0.0000	1.0000	4.0000	6.5000	4.0000	
1993.2153	1992.2668	1997.2725	2003.7725	6.0000	1.9485	0.0000	1.0057	0.0000	1.0000	4.0000	6.5000	4.0000	
1996.1835	1995.2153	2008.2153	2014.7153	15.0000	1.9682	0.0000	9.0000	0.0000	1.0000	4.0000	6.5000	4.0000	
1999.2511	1998.1835	2004.5559	2011.0559	17.0000	2.0675	0.0000	2.3724	0.0000	1.0000	4.0000	6.5000	4.0000	
2001.4578	2001.2511	2008.6229	2015.1229	9.0000	1.2068	0.0000	3.3719	0.0000	1.0000	4.0000	6.5000	4.0000	
2004.9951	2003.4578	2008.6655	2015.1655	7.0000	2.5372	0.0000	1.2077	0.0000	1.0000	4.0000	6.5000	4.0000	
2007.3921	2006.9951	2012.1606	2018.6606	18.0000	1.3971	0.0000	1.1656	0.0000	1.0000	4.0000	6.5000	4.0000	
2012.9457	2009.3921	2014.8170	2021.3170	3.0000	4.5536	0.0000	1.4249	0.0000	1.0000	4.0000	6.5000	4.0000	
2015.7932	2014.9457	2021.0809	2027.5809	18.0000	1.8475	0.0000	2.1352	0.0000	1.0000	4.0000	6.5000	4.0000	
2019.9641	2017.7932	2023.1558	2029.6558	14.0000	3.1708	0.0000	1.3626	0.0000	1.0000	4.0000	6.5000	4.0000	
2023.1335	2021.9641	2027.8027	2034.3027	15.0000	2.1695	0.0000	1.8386	0.0000	1.0000	4.0000	6.5000	4.0000	
2029.1361	2025.1335	2031.5408	2038.0408	13.0000	5.0025	0.0000	2.4073	0.0000	1.0000	4.0000	6.5000	4.0000	
2031.8456	2031.1361	2036.3656	2042.8656	11.0000	1.7095	0.0000	1.2295	0.0000	1.0000	4.0000	6.5000	4.0000	
2034.5243	2033.8456	2040.4357	2046.9357	18.0000	1.6788	0.0000	2.5901	0.0000	1.0000	4.0000	6.5000	4.0000	
2037.0446	2036.5243	2042.1206	2048.6206	6.0000	1.5202	0.0000	1.5963	0.0000	1.0000	4.0000	6.5000	4.0000	
2043.2357	2039.0446	2044.9783	2051.4783	5.0000	5.1911	0.0000	1.9337	0.0000	1.0000	4.0000	6.5000	4.0000	
2045.7261	2045.2357	2050.8552	2057.3552	18.0000	1.4904	0.0000	1.6195	0.0000	1.0000	4.0000	6.5000	4.0000	
2047.8212	2047.7261	2052.7437	2059.2437	7.0000	1.0951	0.0000	1.0176	0.0000	1.0000	4.0000	6.5000	4.0000	
2053.2490	2049.8212	2055.3285	2061.8285	9.0000	4.4278	0.0000	1.5073	0.0000	1.0000	4.0000	6.5000	4.0000	
2059.0383	2055.2490	2061.8763	2068.3763	1.0000	4.7892	0.0000	2.6272	0.0000	1.0000	4.0000	6.5000	4.0000	
2062.6764	2061.0383	2066.8117	2073.3117	16.0000	2.6382	0.0000	1.7734	0.0000	1.0000	4.0000	6.5000	4.0000	
2065.3084	2064.6764	2071.2581	2077.7581	2.0000	1.6320	0.0000	2.5817	0.0000	1.0000	4.0000	6.5000	4.0000	
2067.4713	2067.3084	2072.3233	2078.8233	6.0000	1.1629	0.0000	1.0148	0.0000	1.0000	4.0000	6.5000	4.0000	
2070.5406	2069.4713	2076.3739	2082.8739	17.0000	2.0693	0.0000	2.9026	0.0000	1.0000	4.0000	6.5000	4.0000	
2078.1820	2072.5406	2077.9844	2084.4844	10.0000	6.6414	0.0000	1.4438	0.0000	1.0000	4.0000	6.5000	4.0000	
2082.7057	2080.1820	2087.7549	2094.2549	1.0000	3.5237	0.0000	3.5729	0.0000	1.0000	4.0000	6.5000	4.0000	
2084.9844	2084.7057	2093.5870	2100.0870	7.0000	1.2787	0.0000	4.8813	0.0000	1.0000	4.0000	6.5000	4.0000	
2094.4016	2086.9844	2093.1094	2099.6094	7.0000	8.4172	0.0000	2.1250	0.0000	1.0000	4.0000	6.5000	4.0000	
2097.0525	2096.4016	2105.2850	2111.7850	12.0000	1.6509	0.0000	4.8834	0.0000	1.0000	4.0000	6.5000	4.0000	
2099.9547	2099.0525	2106.6092	2113.1092	15.0000	1.9022	0.0000	3.5568	0.0000	1.0000	4.0000	6.5000	4.0000	
2102.2856	2101.9547	2107.6978	2114.1978	14.0000	1.3310	0.0000	1.7432	0.0000	1.0000	4.0000	6.5000	4.0000	
2106.1538	2104.2856	2110.4097	2116.9097	5.0000	2.8681	0.0000	2.1241	0.0000	1.0000	4.0000	6.5000	4.0000	
2110.7293	2108.1538	2114.2857	2120.7857	2.0000	3.5755	0.0000	2.1319	0.0000	1.0000	4.0000	6.5000	4.0000	
2119.9909	2112.7293	2121.2335	2127.7335	9.0000	8.2616	0.0000	4.5042	0.0000	1.0000	4.0000	6.5000	4.0000	
2122.1925	2121.9909	2130.8722	2137.3722	11.0000	1.2015	0.0000	4.8813	0.0000	1.0000	4.0000	6.5000	4.0000	
2125.0204	2124.1925	2129.3831	2135.8831	16.0000	1.8280	0.0000	1.1907	0.0000	1.0000	4.0000	6.5000	4.0000	
2127.2431	2127.0204	2134.5518	2141.0518	1.0000	1.2227	0.0000	3.5313	0.0000	1.0000	4.0000	6.5000	4.0000	
2129.3311	2129.2431	2134.4842	2140.9842	1.0000	1.0880	0.0000	1.2411	0.0000	1.0000	4.0000	6.5000	4.0000	
2134.7654	2131.3311	2138.1244	2144.6244	16.0000	4.4343	0.0000	2.7933	0.0000	1.0000	4.0000	6.5000	4.0000	
2139.1600	2136.7654	2142.7641	2149.2641	2.0000	3.3946	0.0000	1.9987	0.0000	1.0000	4.0000	6.5000	4.0000	
2141.3973	2141.1600	2148.6708	2155.1708	4.0000	1.2373	0.0000	3.5108	0.0000	1.0000	4.0000	6.5000	4.0000	
2144.8833	2143.3973	2150.1855	2156.6855	11.0000	2.4860	0.0000	2.7882	0.0000	1.0000	4.0000	6.5000	4.0000	
2148.1420	2146.8833	2152.9597	2159.4597	17.0000	2.2586	0.0000	2.0763	0.0000	1.0000	4.0000	6.5000	4.0000	
2151.6069	2150.1420	2156.7415	2163.2415	17.0000	2.4649	0.0000	2.5995	0.0000	1.0000	4.0000	6.5000	4.0000	
2157.2836	2153.6069	2159.4912	2165.9912	7.0000	4.6767	0.0000	1.8843	0.0000	1.0000	4.0000	6.5000	4.0000	
2159.2980	2159.2836	2168.8947	2175.3947	4.0000	1.0145	0.0000	5.6111	0.0000	1.0000	4.0000	6.5000	4.0000	
2162.3269	2161.2980	2168.3162	2174.8162	3.0000	2.0288	0.0000	3.0182	0.0000	1.0000	4.0000	6.5000	4.0000	
2164.6101	2164.3269	2171.5768	2178.0768	4.0000	1.2832	0.0000	3.2499	0.0000	1.0000	4.0000	6.5000	4.0000	
2167.2937	2166.6101	2171.6962	2178.1962	7.0000	1.6836	0.0000	1.0861	0.0000	1.0000	4.0000	6.5000	4.0000	
2170.6081	2169.2937	2176.1963	2182.6963	13.0000	2.3144	0.0000	2.9026	0.0000	1.0000	4.0000	6.5000	4.0000	
2172.9487	2172.6081	2178.4448	2184.9448	16.0000	1.3406	0.0000	1.8367	0.0000	1.0000	4.0000	6.5000	4.0000	
2176.4713	2174.9487	2181.5482	2188.0482	16.0000	2.5226	0.0000	2.5995	0.0000	1.0000	4.0000	6.5000	4.0000	
2178.7086	2178.4713	2184.3100	2190.8100	18.0000	1.2373	0.0000	1.8386	0.0000	1.0000	4.0000	6.5000	4.0000	
2181.7307	2180.7086	2187.1847	2193.6847	1.0000	2.0221	0.0000	2.4761	0.0000	1.0000	4.0000	6.5000	4.0000	
2184.6023	2183.7307	2190.1859	2196.6859	18.0000	1.8716	0.0000	2.4552	0.0000	1.0000	4.0000	6.5000	4.0000	
2186.9907	2186.6023	2194.1918	2200.6918	8.0000	1.3884	0.0000	3.5895	0.0000	1.0000	4.0000	6.5000	4.0000	
2189.5165	2188.9907	2201.5662	2208.0662	14.0000	1.5258	0.0000	8.5755	0.0000	1.0000	4.0000	6.5000	4.0000	
2192.7460	2191.5165	2198.0068	2204.5068	2.0000	2.2295	0.0000	2.4903	0.0000	1.0000	4.0000	6.5000	4.0000	
2195.2896	2194.7460	2201.7011	2208.2011	15.0000	1.5436	0.0000	2.9551	0.0000	1.0000	4.0000	6.5000	4.0000	
2197.4325	2197.2896	2204.4581	2210.9581	2.0000	1.1430	0.0000	3.1685	0.0000	1.0000	4.0000	6.5000	4.0000	
2200.7660	2199.4325	2205.8474	2212.3474	4.0000	2.3334	0.0000	2.4149	0.0000	1.0000	4.0000	6.5000	4.0000	
2205.9796	2202.7660	2211.3445	2217.8445	2.0000	4.2136	0.0000	4.5785	0.0000	1.0000	4.0000	6.5000	4.0000	
2210.4727	2207.9796	2214.0929	2220.5929	8.0000	3.4931	0.0000	2.1133	0.0000	1.0000	4.0000	6.5000	4.0000	
2214.0638	2212.4727	2217.4836	2223.9836	14.0000	2.5911	0.0000	1.0109	0.0000	1.0000	4.0000	6.5000	4.0000	
2217.1787	2216.0638	2223.2323	2229.7323	13.0000	2.1149	0.0000	3.1685	0.0000	1.0000	4.0000	6.5000	4.0000	
2219.3155	2219.1787	2224.7255	2231.2255	13.0000	1.1368	0.0000	1.5468	0.0000	1.0000	4.0000	6.5000	4.0000	
2222.3726	2221.3155	2227.6987	2234.1987	9.0000	2.0571	0.0000	2.3832	0.0000	1.0000	4.0000	6.5000	4.0000	
2225.9099	2224.3726	2232.4556	2238.9556	17.0000	2.5372	0.0000	4.0829	0.0000	1.0000	4.0000	6.5000	4.0000	
2232.5919	2227.9099	2233.2533	2239.7533	5.0000	5.6821	0.0000	1.3434	0.0000	1.0000	4.0000	6.5000	4.0000	
2234.6815	2234.5919	2239.9354	2246.4354	11.0000	1.0896	0.0000	1.3434	0.0000	1.0000	4.0000	6.5000	4.0000	
2236.9042	2236.6815	2241.7082	2248.2082	10.0000	1.2227	0.0000	1.0267	0.0000	1.0000	4.0000	6.5000	4.0000	
2239.8302	2238.9042	2245.5234	2252.0234	4.0000	1.9260	0.0000	2.6193	0.0000	1.0000	4.0000	6.5000	4.0000	
2242.0709	2241.8302	2246.8439	2253.3439	3.0000	1.2407	0.0000	1.0136	0.0000	1.0000	4.0000	6.5000	4.0000	
2244.7515	2244.0709	2249.4411	2255.9411	3.0000	1.6806	0.0000	1.3702	0.0000	1.0000	4.0000	6.5000	4.0000	
2249.0471	2246.7515	2252.1925	2258.6925	1.0000	3.2956	0.0000	1.4411	0.0000	1.0000	4.0000	6.5000	4.0000	
2257.7441	2251.0471	2256.7036	2263.2036	14.0000	7.6971	0.0000	1.6565	0.0000	1.0000	4.0000	6.5000	4.0000	
2262.3236	2259.7441	2265.5417	2272.0417	4.0000	3.5794	0.0000	1.7975	0.0000	1.0000	4.0000	6.5000	4.0000	
2266.0759	2264.3236	2269.5747	2276.0747	10.0000	2.7523	0.0000	1.2511	0.0000	1.0000	4.0000	6.5000	4.0000	
2269.6723	2268.0759	2274.2328	2280.7328	17.0000	2.5964	0.0000	2.1569	0.0000	1.0000	4.0000	6.5000	4.0000	
2273.7343	2271.6723	2277.4212	2283.9212	3.0000	3.0620	0.0000	1.7488	0.0000	1.0000	4.0000	6.5000	4.0000	
2279.2230	2275.7343	2281.2971	2287.7971	16.0000	4.4887	0.0000	1.5628	0.0000	1.0000	4.0000	6.5000	4.0000	
2286.5395	2281.2230	2288.5033	2295.0033	6.0000	6.3165	0.0000	3.2803	0.0000	1.0000	4.0000	6.5000	4.0000	
2292.1340	2288.5395	2295.6158	2302.1158	16.0000	4.5945	0.0000	3.0762	0.0000	1.0000	4.0000	6.5000	4.0000	
2294.4885	2294.1340	2299.5808	2306.0808	13.0000	1.3545	0.0000	1.4468	0.0000	1.0000	4.0000	6.5000	4.0000	
2299.7366	2296.4885	2304.3465	2310.8465	10.0000	4.2481	0.0000	3.8580	0.0000	1.0000	4.0000	6.5000	4.0000	
2301.7949	2301.7366	2307.1234	2313.6234	17.0000	1.0583	0.0000	1.3868	0.0000	1.0000	4.0000	6.5000	4.0000	
2305.6260	2303.7949	2310.6071	2317.1071	16.0000	2.8311	0.0000	2.8122	0.0000	1.0000	4.0000	6.5000	4.0000	
2308.8587	2307.6260	2315.1084	2321.6084	13.0000	2.2327	0.0000	3.4824	0.0000	1.0000	4.0000	6.5000	4.0000	
2311.0264	2310.8587	2317.8082	2324.3082	8.0000	1.1677	0.0000	2.9494	0.0000	1.0000	4.0000	6.5000	4.0000	
2313.4281	2313.0264	2319.5040	2326.0040	13.0000	1.4017	0.0000	2.4775	0.0000	1.0000	4.0000	6.5000	4.0000	
2315.7507	2315.4281	2323.6033	2330.1033	9.0000	1.3226	0.0000	4.1752	0.0000	1.0000	4.0000	6.5000	4.0000	
2318.0734	2317.7507	2322.7530	2329.2530	18.0000	1.3227	0.0000	1.0023	0.0000	1.0000	4.0000	6.5000	4.0000	
2321.3147	2320.0734	2325.9715	2332.4715	13.0000	2.2413	0.0000	1.8982	0.0000	1.0000	4.0000	6.5000	4.0000	
2325.8941	2323.3147	2330.3584	2336.8584	3.0000	3.5794	0.0000	3.0437	0.0000	1.0000	4.0000	6.5000	4.0000	
2328.1293	2327.8941	2333.9704	2340.4704	5.0000	1.2352	0.0000	2.0763	0.0000	1.0000	4.0000	6.5000	4.0000	
2331.5139	2330.1293	2337.4748	2343.9748	10.0000	2.3846	0.0000	3.3455	0.0000	1.0000	4.0000	6.5000	4.0000	
2334.0557	2333.5139	2343.6957	2350.1957	8.0000	1.5418	0.0000	6.1818	0.0000	1.0000	4.0000	6.5000	4.0000	
2336.3999	2336.0557	2341.8114	2348.3114	12.0000	1.3442	0.0000	1.7557	0.0000	1.0000	4.0000	6.5000	4.0000	
2345.7886	2338.3999	2343.7306	2350.2306	6.0000	8.3887	0.0000	1.3307	0.0000	1.0000	4.0000	6.5000	4.0000	
2351.2763	2347.7886	2354.8045	2361.3045	13.0000	4.4877	0.0000	3.0159	0.0000	1.0000	4.0000	6.5000	4.0000	
2353.8099	2353.2763	2359.3896	2365.8896	3.0000	1.5336	0.0000	2.1133	0.0000	1.0000	4.0000	6.5000	4.0000	
2357.9105	2355.8099	2361.1967	2367.6967	9.0000	3.1006	0.0000	1.3868	0.0000	1.0000	4.0000	6.5000	4.0000	
2361.5321	2359.9105	2366.4008	2372.9008	1.0000	2.6216	0.0000	2.4903	0.0000	1.0000	4.0000	6.5000	4.0000	
2366.2220	2363.5321	2369.4066	2375.9066	2.0000	3.6899	0.0000	1.8745	0.0000	1.0000	4.0000	6.5000	4.0000	
2369.7381	2368.2220	2373.8957	2380.3957	11.0000	2.5161	0.0000	1.6736	0.0000	1.0000	4.0000	6.5000	4.0000	
2373.6070	2371.7381	2379.3741	2385.8741	17.0000	2.8688	0.0000	3.6360	0.0000	1.0000	4.0000	6.5000	4.0000	
2376.2636	2375.6070	2380.8658	2387.3658	12.0000	1.6567	0.0000	1.2588	0.0000	1.0000	4.0000	6.5000	4.0000	
2378.2880	2378.2636	2383.8200	2390.3200	11.0000	1.0243	0.0000	1.5563	0.0000	1.0000	4.0000	6.5000	4.0000	
2382.1190	2380.2880	2385.8394	2392.3394	15.0000	2.8311	0.0000	1.5515	0.0000	1.0000	4.0000	6.5000	4.0000	
2386.0082	2384.1190	2392.5359	2399.0359	18.0000	2.8892	0.0000	4.4169	0.0000	1.0000	4.0000	6.5000	4.0000	
2388.7639	2388.0082	2395.5369	2402.0369	3.0000	1.7557	0.0000	3.5287	0.0000	1.0000	4.0000	6.5000	4.0000	
2393.5653	2390.7639	2397.0992	2403.5992	2.0000	3.8014	0.0000	2.3352	0.0000	1.0000	4.0000	6.5000	4.0000	
2396.9800	2395.5653	2401.0626	2407.5626	6.0000	2.4146	0.0000	1.4973	0.0000	1.0000	4.0000	6.5000	4.0000	
2399.7059	2398.9800	2406.6931	2413.1931	10.0000	1.7259	0.0000	3.7132	0.0000	1.0000	4.0000	6.5000	4.0000	
2404.7850	2401.7059	2407.0685	2413.5685	10.0000	4.0791	0.0000	1.3626	0.0000	1.0000	4.0000	6.5000	4.0000	
2413.2643	2406.7850	2415.3357	2421.8357	3.0000	7.4793	0.0000	4.5506	0.0000	1.0000	4.0000	6.5000	4.0000	
2420.9477	2415.2643	2420.2834	2426.7834	6.0000	6.6834	0.0000	1.0190	0.0000	1.0000	4.0000	6.5000	4.0000	
2424.2064	2422.9477	2428.4210	2434.9210	3.0000	2.2586	0.0000	1.4733	0.0000	1.0000	4.0000	6.5000	4.0000	

diary off
